62 159
41 11 15 48 16 43
37 42 18 20 55 27 28 29
11 45 43 62
9 60 15
52
57 10 14 58
10 14 18 55 57 58
41 28 20 55 31
4 38 46 21 60 29
33 6 7 42 14 18 58
1 3 30 43 48
52
34
33 6 7 10 18 55 42 58
1 34 35 4 38 39 41 44 17 51 53 25
1 41 46 19 56 25 60
34 38 39 15 51 21
2 7 10 14 23 58 26 28 32
46 16 52 21 22 25 30
2 55 31 8
37 39 9 45 51 48 17 19 29
34 38 46 19 52 30
18
52 37 46
46 15 16 19 52 30
18 27 28
2 28 26
2 27 18 26 8
9 2 21 31 48
36 11 44 46 19 52 53 22 25
48 43 20 29 8
18
10 61 14
35 38 39 41 44 13 15 17 51 22
34 45 38 15 50
30
2 38 40 41 21 24 60
34 35 37 9 44 46 15 17 41 22 62
34 44 45 15 17 21 53 59
58 37
1 34 37 38 8 15 16 53
2 58 14 55 10
1 3 11 48 51 31
34 38 39 47 15 30 54
3 21 35 39
38 9 51 16 19 52 22 24 25 60 30
50 44
1 11 21 29 43 31
58
35 47
34 43 46 15 17 52 21
51 5 12 46 19 22 24 25 56 30
41 39 30 15
44 62
2 7 8 42 14 20 58
52 16
6 7
6 7 40 10 14 49 18 55 42
39
9 4 37 46 16
33
3 38 54
