115 613
2 36 5 105 10 34 17 66 24 91 42 94
1 34 102 38 104 106 46 90 110 26 28 58
48 107 4 101 65 7 73 75 14 15 16 61
3 6 103 41 75 12 59 82 53 73 27 85
1 70 6 105 10 109 17 42 24 29 94
98 11 4 5 108 75 12 82 99 53 91 85
33 3 101 65 8 107 48 40 86 56 59 61
69 7 9 74 109 78 79 112 83 41 22 23
69 8 10 78 79 112 52 22 23 91 42
1 5 65 9 42 109 17 105 23 24 94
99 6 103 73 75 12 108 82 85 61
98 4 70 6 105 11 51 25 91 29
35 37 39 44 14 15 18 19 86 27
33 3 101 65 40 107 13 46 111 16 61
3 100 39 72 44 13 16 86 55 27
33 3 69 93 40 107 14 15 48 115 61 101
1 68 5 39 105 10 82 18 24 42 94
96 97 66 13 17 114 21 88 59 28 63
32 35 100 37 39 72 43 13 20 55 62
34 36 37 102 45 80 19 56 95 30 31
97 66 37 71 76 77 18 22 88 114 63
33 69 8 9 109 78 47 112 52 21 23
69 8 9 10 109 78 79 48 52 22 24
1 5 105 10 79 112 17 23 91 42 94
67 70 12 111 51 85 88 26 91 29
2 38 104 106 107 34 46 110 54 25 90
35 4 39 43 44 13 15 86 28 62
64 96 2 97 71 66 77 18 57 27 63
5 70 39 12 79 114 51 25 91
36 102 43 80 81 83 20 56 95 92 31
83 36 102 45 110 80 51 20 56 30 95
33 35 100 72 44 80 19 86 55 56 62
32 48 101 65 7 40 107 14 16 50 22
1 2 38 104 106 46 20 110 26 90
32 36 72 43 13 19 55 100 27 62 95
1 35 102 45 80 20 56 95 93 30 31
38 44 13 19 20 21 59 60
96 34 37 104 106 2 46 81 110 26 90
40 44 13 15 17 19 86 55 72 27 29
33 107 48 101 7 39 14 16 83 55 61
99 4 103 8 73 42 75 108 82 52 53
1 68 5 41 10 17 105 9 24 94
64 35 44 19 58 27 30
32 37 39 43 13 15 80 86 71 27 62
67 36 113 76 46 49 20 87 58 92 31
34 38 104 106 2 14 45 110 26 90 63
112 68 22 74 111 48 50 115 84 54 89
33 3 101 65 7 40 47 16 23 61 62
97 67 76 45 50 99 54 87 58 92 93
33 68 74 47 49 115 84 85 54 89 111
69 70 12 79 52 25 91 29 31
69 102 41 109 78 79 112 51 9 22 23
99 4 6 103 41 75 113 85 54 73
68 74 47 49 50 115 84 53 87 89 26 111
32 35 100 39 40 15 72 19 56 62
32 36 102 7 80 20 55 90 95 30 31
96 97 66 71 107 77 88 58 28 63
2 113 43 76 45 49 87 57 92 93
64 98 4 37 102 7 18 115 89 60
64 98 67 37 77 114 59 61
16 3 65 7 40 11 14 48 72 107 60
32 35 100 72 44 48 19 55 27 93 63
96 71 106 77 46 18 21 88 57 28 62
65 66 28 43 98 110 113 59 60
64 33 3 101 7 112 10 107 14 48 61
64 1 67 97 71 114 18 21 88 57 28
66 113 92 76 45 77 49 87 25 60 93
69 105 42 47 17 50 115 84 54 89 111 74
112 68 8 9 109 79 16 51 52 22 23
96 5 71 12 51 84 89 25 91 92 29
96 66 70 104 44 77 114 21 57 28 63
32 35 100 39 73 15 19 55 61 62
3 4 103 72 41 11 108 82 75 53 105
68 8 75 78 47 50 115 84 54 89 111
3 4 6 103 73 74 11 83 53 41 85
67 113 108 77 45 49 21 87 58 93
96 97 67 71 60 76 114 21 57 28 63
99 8 9 74 109 79 112 83 52 22 23
69 8 9 109 78 112 51 52 23 24 29
32 36 102 44 110 81 20 56 95 30 31
38 106 111 80 83 94 86 87 92 30 95
99 4 6 73 11 108 17 83 84 85 41
101 40 75 78 81 82 94 8 95 30 31
68 70 74 50 47 82 115 85 54 89 111
11 4 6 75 108 82 50 99 84 53 25
32 100 39 7 44 13 15 81 27
98 67 81 76 45 49 54 88 58 92 93
96 97 66 105 87 114 18 21 25 57 63
68 70 74 111 108 47 50 115 84 54 90 59
2 100 38 104 106 34 46 110 56 89 26
1 70 6 9 12 51 24 25 29
67 113 70 81 45 49 94 87 58 93 30
67 36 113 107 76 16 49 87 58 92 62
1 5 81 105 42 17 83 24 92 10
35 36 102 80 81 83 20 56 30 31
38 70 71 77 18 88 57 114 28 63
66 114 113 77 49 18 21 88 57 28
64 99 6 12 113 87 59 60
98 6 103 41 11 108 78 49 82 85 53
32 35 101 72 15 19 86 55 90 62
33 3 100 65 40 7 14 16 83 48 103
2 36 31 80 52 56 20 59 30 95
99 4 101 104 73 75 108 11 53 41
34 38 103 106 71 2 46 110 90 26
1 68 5 73 42 12 17 115 24 88 10 94
34 38 104 2 46 81 110 90 26 63
33 3 65 7 40 14 61 16 57 26 93
99 6 103 41 11 76 82 85 73 89
5 8 10 78 79 112 52 22 23 69
64 2 38 104 106 34 46 80 26 90 31
68 74 14 47 81 50 115 84 54 89 25
65 69 8 9 109 78 79 52 22 24 47
64 97 98 67 76 45 53 58 92 93
96 97 66 71 77 18 21 88 60 29
59 68 105 74 111 16 50 84 54 89 47
