423
526
54
134
60
251
173
428
55
176
653
653
451
579
249
724
547
77
611
635
689
657
594
109
594
104
151
641
414
148
436
197
571
156
519
356
210
364
444
367
696
448
349
625
159
144
171
276
337
609
717
350
444
339
111
7
695
344
687
45
225
279
96
395
494
573
543
616
202
634
230
634
468
690
242
311
625
207
622
671
325
107
325
551
410
304
379
140
187
394
49
535
623
79
385
630
623
156
490
715
498
215
701
531
631
27
630
440
433
341
699
615
602
63
195
400
261
630
127
246
321
129
128
421
211
561
271
723
304
462
697
431
697
115
155
443
225
422
566
509
326
326
255
81
66
565
40
317
7
564
555
288
300
360
532
418
491
630
629
514
576
618
647
355
40
511
386
493
233
311
548
548
724
33
69
459
364
174
348
436
649
545
622
587
46
22
167
155
362
173
486
15
131
139
107
343
302
131
392
198
688
688
63
112
686
714
552
260
151
455
164
649
310
469
273
503
166
235
484
289
340
551
84
128
400
674
80
346
66
143
558
31
70
327
495
162
23
281
59
388
244
167
461
501
333
341
501
238
229
125
14
367
162
713
517
154
568
355
421
133
306
14
479
474
218
391
678
146
82
482
166
451
113
211
360
127
499
489
534
447
460
617
283
382
72
189
366
242
235
181
491
87
379
507
404
671
184
649
165
332
350
354
148
143
484
595
562
232
592
62
24
530
66
556
110
93
215
603
241
250
223
572
613
372
516
604
675
467
535
300
441
612
135
636
64
510
357
383
293
518
292
338
328
326
3
334
489
464
101
119
157
584
458
295
346
238
494
429
448
93
12
393
641
671
649
571
482
678
614
54
483
271
142
503
266
235
654
713
483
384
402
128
226
650
193
356
29
75
117
540
580
98
140
614
274
95
39
87
416
220
479
80
397
405
312
438
710
389
27
460
228
642
429
118
162
460
513
677
73
164
192
500
438
634
287
488
121
104
538
100
75
423
358
598
610
533
595
606
556
594
430
150
722
506
611
339
229
320
484
604
449
404
50
221
451
380
486
428
100
146
506
578
595
5
665
150
460
345
426
345
164
296
385
468
458
92
477
434
188
602
686
53
395
489
556
90
126
587
284
287
163
30
662
144
119
36
599
557
489
451
656
469
647
473
606
481
525
571
308
398
580
62
112
129
134
126
545
58
341
8
181
340
669
511
510
294
325
469
404
89
66
193
472
507
424
322
135
508
585
403
161
652
388
401
534
464
415
178
451
120
331
588
109
543
555
595
354
404
404
300
42
264
587
147
207
277
255
529
293
74
472
51
537
692
408
263
446
74
25
196
675
313
710
160
599
473
19
154
38
324
329
398
414
699
538
518
628
38
650
32
347
443
628
126
530
494
469
353
222
183
247
104
402
207
581
344
246
76
632
632
108
516
62
23
67
67
413
44
608
664
418
683
488
680
404
382
305
199
313
17
50
654
40
592
556
282
550
345
133
404
443
137
639
127
426
188
647
51
90
288
301
554
445
465
657
79
79
582
614
532
47
617
464
442
214
524
279
705
111
641
230
457
333
297
44
329
502
238
241
182
616
17
21
699
37
429
662
177
649
212
161
447
405
718
633
458
497
256
525
558
385
71
497
407
446
596
147
64
23
142
335
18
492
163
114
121
385
75
524
524
200
619
676
168
100
195
410
714
685
276
97
507
49
217
370
438
453
197
483
77
212
178
357
21
694
697
90
13
468
421
1
474
157
54
195
419
253
508
221
204
717
461
64
574
626
38
376
664
41
636
66
537
124
302
433
105
328
160
183
165
207
68
24
398
217
647
125
61
601
601
1
560
139
336
310
14
117
343
127
673
381
382
333
75
600
216
282
141
144
96
297
630
374
377
426
335
632
428
697
245
335
18
605
363
650
86
717
69
412
690
688
724
271
549
176
438
227
160
308
37
214
635
653
200
430
277
394
73
533
302
135
709
363
159
126
367
46
603
266
670
457
282
625
665
721
390
170
478
333
673
381
168
180
72
448
170
172
667
712
383
222
434
458
616
311
249
142
405
430
121
336
201
139
302
125
179
121
116
111
206
591
359
179
123
98
404
638
32
351
7
316
509
484
191
601
426
373
7
149
98
549
195
525
415
699
568
710
3
535
108
90
106
208
42
173
271
134
702
172
204
525
470
335
518
702
5
43
333
379
491
237
440
128
229
148
387
253
495
136
29
670
267
187
113
117
392
177
647
264
492
524
281
422
409
166
486
302
330
104
143
720
55
507
574
475
48
287
146
50
655
684
151
59
673
545
586
106
627
257
258
436
103
334
39
285
518
18
29
495
228
387
496
614
339
29
547
583
610
635
86
220
390
460
393
177
653
654
79
232
118
54
373
260
666
596
403
492
274
393
30
107
274
338
497
188
383
357
200
292
423
423
412
442
521
85
675
85
564
159
716
682
499
181
465
261
151
700
616
329
342
162
603
536
401
318
457
686
659
189
290
457
212
618
645
216
136
232
6
19
428
182
19
1
313
17
35
68
37
347
185
294
141
162
201
468
56
315
513
530
257
320
366
360
330
237
120
95
334
489
465
41
373
288
140
298
149
490
76
282
617
283
335
78
478
354
655
465
119
468
454
35
117
117
657
640
675
421
476
542
125
42
319
346
636
629
278
364
414
550
400
217
60
237
60
703
709
690
22
55
412
527
235
451
116
147
147
180
693
545
207
340
574
617
5
212
614
148
658
114
82
128
478
331
103
338
341
49
513
193
292
372
423
52
127
298
543
637
140
504
667
419
483
39
375
266
106
423
122
226
75
534
450
337
501
174
609
134
336
513
19
358
270
408
572
317
405
418
306
631
668
668
164
484
183
528
120
245
652
707
41
428
245
428
376
383
236
432
324
696
493
531
97
240
368
25
632
58
247
373
7
18
236
64
531
720
505
400
111
109
363
21
539
226
302
276
472
27
128
582
293
115
515
213
459
674
103
95
313
21
18
318
208
683
109
207
427
455
12
643
58
382
64
149
349
423
385
145
479
355
192
561
637
308
87
244
355
667
113
283
624
409
632
411
330
601
72
54
432
72
6
692
168
564
31
372
311
305
240
612
88
23
150
566
666
250
55
531
310
640
474
252
597
31
251
284
103
216
317
513
171
231
317
84
13
455
259
56
274
259
530
572
265
378
310
140
271
489
165
88
248
248
377
264
27
65
177
318
210
70
193
678
587
41
139
463
602
113
628
494
270
219
85
217
474
701
684
444
121
707
465
177
179
238
176
21
51
447
545
384
445
38
137
191
574
136
260
88
276
278
509
408
585
481
532
284
329
480
220
223
56
392
104
249
61
267
580
669
202
418
69
28
54
123
291
123
603
26
297
174
166
157
339
130
293
72
546
421
197
650
476
11
682
233
15
44
238
98
195
714
144
162
108
259
222
641
532
321
605
30
266
129
390
161
233
198
30
137
136
65
308
554
350
546
290
582
175
239
355
435
483
77
455
202
251
137
498
63
670
631
445
272
372
662
239
441
47
157
401
159
686
260
360
655
713
414
694
473
387
290
60
478
196
540
537
392
644
503
65
44
73
375
669
392
353
400
457
159
373
23
164
331
413
652
51
22
511
475
286
446
402
93
437
259
94
503
100
322
127
129
129
436
509
121
198
197
332
653
438
55
344
668
493
266
459
271
661
518
298
513
486
511
266
192
405
486
392
37
490
316
201
53
293
522
558
627
64
264
687
139
119
292
351
46
693
670
423
293
262
452
587
269
586
713
401
45
354
703
551
132
489
50
271
46
162
517
218
626
144
66
126
78
304
417
541
337
229
321
364
492
154
170
5
32
284
131
268
568
684
196
196
168
342
482
375
337
121
230
188
403
45
101
372
508
73
155
389
548
205
387
393
101
524
132
21
531
307
468
520
391
308
620
444
48
553
92
1
670
312
598
76
620
99
75
36
421
250
225
251
365
526
633
344
195
31
659
494
721
170
270
377
25
49
541
207
65
616
37
246
155
552
195
434
481
409
545
512
268
422
6
510
601
680
670
462
643
284
628
604
277
489
100
422
582
424
232
296
59
441
297
224
67
90
327
626
518
90
424
683
45
449
513
532
386
216
481
665
274
410
3
528
210
522
651
51
299
144
142
628
472
118
330
371
232
267
558
338
143
307
418
1
497
497
619
699
259
531
442
334
188
32
231
318
669
632
411
502
231
524
211
21
352
332
639
253
52
52
709
433
448
542
600
523
206
679
527
281
209
409
60
132
165
481
45
640
680
522
470
242
25
198
618
122
217
279
353
611
260
136
243
664
22
88
287
316
132
146
721
359
685
383
454
704
425
54
710
465
147
658
527
316
137
243
421
28
688
304
521
40
61
138
299
490
57
692
119
160
79
321
602
470
88
26
282
297
320
214
27
390
210
609
583
41
511
410
691
553
579
709
228
324
390
170
706
709
126
312
464
481
531
364
31
82
409
429
197
267
258
167
144
4
579
535
434
539
613
434
409
530
477
582
161
634
648
388
229
266
528
259
37
351
685
685
119
326
563
457
470
160
617
385
316
617
64
99
51
94
178
36
102
704
673
5
442
329
143
488
273
186
163
133
146
159
599
310
546
360
94
326
325
700
271
406
199
34
132
300
422
399
564
538
128
32
110
357
403
86
457
217
100
313
402
39
39
421
165
395
116
533
662
340
478
670
124
400
319
244
127
184
133
227
659
567
323
204
320
529
462
4
92
24
52
429
479
337
330
201
637
448
218
126
395
635
723
340
471
544
22
499
395
681
639
685
31
674
708
605
18
596
227
303
135
387
127
399
640
378
712
630
336
153
351
66
47
332
94
49
472
334
219
344
347
349
302
328
325
49
133
310
406
498
331
459
368
567
622
86
512
382
318
641
74
236
340
3
440
427
688
63
634
331
95
117
96
212
345
202
48
673
346
705
98
385
525
256
120
579
403
168
262
16
95
218
721
368
68
350
16
568
512
51
283
546
512
503
636
723
605
317
618
339
99
631
698
151
307
46
615
557
110
353
190
650
128
603
379
360
63
143
658
26
402
34
435
390
425
334
92
104
678
210
166
307
222
370
230
334
400
107
159
324
196
326
299
91
635
32
615
112
336
346
64
264
61
446
167
133
236
441
25
46
38
430
435
41
320
133
83
333
471
87
212
96
120
445
191
530
83
104
360
487
133
476
133
70
104
449
677
36
685
165
509
136
89
563
402
123
398
431
335
143
227
670
252
424
694
645
138
504
569
322
603
609
98
648
634
550
633
368
694
516
620
619
373
7
7
368
172
160
339
679
321
233
335
199
106
257
244
13
493
3
202
500
717
626
470
206
244
671
64
71
25
624
376
64
10
612
369
59
227
714
510
635
132
690
96
619
256
621
661
444
163
268
671
286
49
413
307
309
355
130
696
717
2
21
214
317
171
158
550
35
112
117
466
374
68
471
509
432
374
609
681
678
479
609
247
373
335
13
619
486
713
422
197
112
345
303
168
103
80
160
711
716
81
503
662
289
389
329
156
291
720
304
676
578
202
722
711
510
90
16
711
685
685
545
608
708
552
432
87
546
424
552
680
613
313
399
560
638
713
70
682
85
560
380
164
106
337
20
344
323
307
514
87
628
472
326
338
586
573
591
374
453
356
575
274
635
619
721
714
714
401
402
314
282
200
360
425
701
156
713
389
396
661
227
371
296
644
244
697
698
68
67
644
696
700
697
442
643
694
553
68
80
77
659
463
1
73
238
70
561
616
462
211
391
245
371
633
247
69
486
480
220
559
170
368
412
699
543
226
639
640
631
157
91
623
450
240
159
337
347
650
696
521
651
66
524
335
685
329
480
690
470
436
685
169
642
701
450
163
665
603
257
533
500
85
319
543
599
719
643
112
510
691
257
229
286
219
13
489
367
266
416
360
12
100
693
538
415
94
20
196
159
401
369
678
81
213
144
144
427
385
633
269
143
312
312
440
24
202
95
406
334
713
186
94
382
723
626
184
517
670
517
476
296
434
166
9
224
504
550
676
32
237
352
284
457
116
116
30
218
666
275
623
237
295
354
587
408
501
624
527
525
30
604
143
551
113
232
127
282
113
57
392
344
344
209
507
109
685
324
162
179
171
567
333
445
238
123
402
33
542
295
382
420
676
239
111
21
525
137
19
640
320
428
679
437
96
400
627
286
546
622
211
269
110
65
150
151
327
257
315
302
198
474
705
10
136
553
91
478
155
142
212
53
435
655
124
86
179
435
435
108
330
170
211
144
677
17
41
516
400
92
41
300
670
31
129
360
665
716
339
136
331
486
499
53
44
306
218
536
98
614
442
240
393
21
56
513
206
236
434
203
677
37
119
0
293
387
92
93
82
395
322
129
626
295
101
314
201
295
654
155
90
457
102
357
378
336
274
586
395
619
298
4
336
248
158
82
164
403
100
482
406
188
378
48
114
334
633
511
672
636
114
494
214
250
423
82
96
69
303
627
233
563
217
59
666
523
12
313
70
21
513
642
230
232
597
383
4
546
687
453
121
129
436
133
384
104
489
49
421
244
24
221
619
263
563
274
239
674
16
214
258
34
127
672
2
633
37
179
36
191
687
76
381
381
315
630
298
252
303
219
617
343
31
84
188
192
131
712
441
469
469
97
205
70
367
517
541
81
448
205
142
63
538
225
82
167
236
498
494
631
8
668
224
546
346
330
568
474
364
420
317
688
363
420
488
567
567
439
208
490
496
403
50
469
129
234
240
181
724
449
35
112
492
237
712
187
712
715
201
131
86
695
141
150
299
307
673
357
459
649
358
390
197
708
580
167
715
59
145
616
17
2
567
399
294
97
5
186
3
78
440
608
512
542
261
537
283
637
246
91
106
172
321
479
272
16
480
77
526
489
1
175
374
172
383
633
377
292
636
368
294
397
632
458
64
440
235
520
325
585
245
709
294
45
385
385
648
486
121
30
280
621
140
538
292
139
326
139
90
379
221
148
264
265
433
718
310
10
214
25
300
724
522
153
602
1
164
243
12
723
226
678
0
708
335
229
70
487
198
647
582
352
344
382
275
512
366
318
406
429
661
75
689
24
486
505
530
486
648
56
280
537
415
262
285
237
137
311
269
51
114
79
293
159
51
271
82
74
198
214
351
161
469
565
144
107
141
384
505
144
11
487
612
21
20
217
712
194
297
206
590
500
397
359
161
521
48
200
677
427
417
382
538
433
296
329
500
517
51
275
678
53
704
83
296
463
42
383
256
333
327
1
637
203
547
45
507
36
7
464
371
134
482
420
475
307
40
615
84
399
198
100
618
23
326
317
571
197
26
508
137
308
36
496
592
365
277
335
521
192
461
490
56
235
1
107
685
604
366
13
169
426
632
357
636
56
309
682
711
253
303
3
47
652
140
130
385
90
188
210
37
688
331
421
678
154
154
1
498
356
170
652
676
327
126
27
538
171
79
644
260
219
721
524
488
546
229
149
266
177
29
275
342
648
643
252
257
364
533
15
612
655
133
83
678
152
96
326
521
409
288
719
659
583
156
8
621
406
264
604
128
393
5
525
130
276
361
354
191
624
600
282
413
690
558
638
682
567
194
267
435
564
289
349
305
643
8
240
308
685
236
674
459
488
532
89
296
492
586
231
193
417
297
280
649
623
682
697
690
101
129
352
84
189
146
65
319
57
240
291
93
38
455
70
277
512
511
488
669
634
455
255
255
511
116
342
24
98
157
681
375
6
9
46
253
26
173
711
501
563
658
449
526
690
175
295
637
713
474
340
473
344
568
399
453
63
107
168
363
280
472
627
112
135
478
426
695
543
3
584
682
86
705
630
197
688
156
597
131
122
688
213
32
434
630
322
339
558
108
232
416
487
380
413
515
607
607
608
431
27
142
253
640
505
705
229
263
124
609
476
653
73
20
485
57
314
425
28
712
544
364
422
700
652
312
563
707
10
715
11
173
25
256
214
258
197
488
354
145
420
638
642
83
340
13
83
407
149
414
149
266
470
436
352
444
383
436
425
163
673
342
699
532
307
404
45
612
486
465
674
56
620
481
592
621
633
699
713
200
152
30
603
310
4
106
413
149
93
696
244
151
141
342
397
429
237
709
250
140
549
173
147
427
407
653
519
253
653
653
88
182
108
183
676
156
455
461
434
294
385
14
378
224
507
408
35
366
258
532
271
193
539
60
43
368
275
313
176
138
668
671
573
631
319
1
160
721
215
414
417
182
558
472
186
93
410
580
475
683
570
37
579
636
83
148
158
296
602
139
217
183
41
249
289
409
0
32
228
209
461
38
474
519
242
642
110
614
528
286
674
449
319
60
186
115
180
209
67
679
345
516
211
170
526
13
115
206
641
341
354
642
546
663
271
278
17
172
399
249
581
208
634
715
460
156
547
509
454
559
456
634
642
314
378
228
331
510
40
437
259
432
391
202
157
527
378
65
628
529
278
90
600
122
394
575
305
166
246
83
503
277
69
48
28
543
302
627
594
607
636
33
561
472
412
391
398
448
690
447
16
115
320
205
718
252
295
36
97
203
329
277
347
172
478
278
465
109
598
648
295
456
280
488
392
561
76
663
442
697
183
187
651
259
244
647
365
274
384
338
451
43
530
340
447
449
537
537
428
24
584
209
206
565
670
288
318
268
67
676
600
31
333
260
323
234
6
177
375
308
67
561
415
19
413
502
597
491
342
533
43
463
305
361
584
103
382
185
617
430
44
507
434
477
76
53
310
192
322
482
321
415
596
140
246
9
179
164
484
468
681
137
8
657
113
29
7
181
52
28
533
354
538
103
257
621
717
301
638
458
458
239
154
425
622
322
520
411
637
81
336
300
224
427
161
47
411
289
218
504
317
712
641
445
220
139
227
288
551
215
104
352
233
421
220
560
613
213
196
285
132
481
703
708
661
103
88
3
395
204
468
294
616
215
213
15
66
17
521
247
494
259
345
256
159
99
43
688
214
608
411
629
161
263
417
33
144
171
158
296
522
604
682
341
150
197
231
3
547
646
625
449
321
385
381
215
489
229
545
91
401
307
343
248
96
575
254
662
233
429
639
359
448
218
409
703
421
231
649
137
469
334
182
186
308
642
524
505
654
425
442
76
403
94
401
649
69
612
649
332
451
536
255
50
580
715
206
269
626
431
412
14
408
401
299
187
479
350
87
133
127
328
709
716
266
542
401
213
298
357
676
326
552
133
710
110
346
159
236
212
133
256
531
326
379
322
404
124
403
383
210
274
208
437
694
316
634
484
545
439
150
657
271
189
665
32
92
449
583
136
154
323
528
404
349
351
345
345
346
256
77
290
290
260
101
329
317
91
716
605
386
468
276
648
414
235
207
536
15
175
305
628
370
394
403
332
66
603
63
331
412
141
143
292
122
508
13
237
526
366
117
55
585
419
35
513
391
684
68
668
266
619
182
165
144
491
166
351
162
343
669
349
701
438
509
542
410
332
397
566
349
593
361
96
674
458
443
540
584
315
260
69
639
222
263
480
234
315
9
233
330
192
152
196
596
365
366
63
408
347
81
338
225
687
703
239
153
2
214
433
135
353
317
244
13
90
414
71
651
386
461
250
99
697
511
461
563
141
184
164
302
39
309
721
418
476
221
238
405
630
483
347
347
663
328
358
365
496
625
629
202
299
507
505
379
91
290
252
686
182
471
70
52
267
691
284
462
518
134
433
197
321
690
70
69
257
235
88
40
299
77
682
131
48
348
46
53
613
223
41
285
246
621
400
212
501
541
221
153
551
565
545
125
146
143
62
440
156
157
362
334
116
49
362
177
480
602
722
466
450
161
189
698
77
48
531
516
331
678
392
204
523
60
256
345
256
187
99
237
164
167
584
538
31
139
407
187
388
383
178
659
416
724
71
631
507
648
104
80
276
702
520
558
650
524
437
40
535
551
441
553
675
370
230
149
103
467
148
539
141
179
386
289
289
185
209
508
710
720
651
671
93
34
624
221
285
597
478
556
320
676
723
328
255
219
282
654
416
125
153
559
514
323
107
275
238
375
184
541
556
656
140
660
557
464
577
573
577
59
594
599
576
506
246
563
550
561
555
629
601
634
506
506
589
593
629
555
594
569
548
570
656
549
656
105
455
613
262
716
720
243
364
18
264
40
576
467
681
142
489
361
619
718
474
647
653
642
94
39
364
73
684
190
522
86
186
333
399
628
343
417
347
347
528
537
664
675
389
266
308
279
678
499
536
214
344
326
318
265
462
489
552
477
258
435
560
137
128
432
503
635
648
142
640
3
129
387
684
630
111
336
133
679
298
77
587
654
27
46
486
252
482
176
612
40
261
254
85
277
651
544
624
690
206
422
239
312
252
425
403
669
86
617
128
388
284
185
668
34
110
255
312
444
603
193
86
212
285
286
484
490
248
241
302
20
600
222
65
631
312
626
98
175
695
146
560
102
669
451
33
25
578
111
499
578
432
527
273
444
108
108
188
526
534
617
139
684
559
139
546
450
201
143
59
658
284
425
76
71
511
402
655
638
504
11
103
410
354
32
434
523
285
558
21
392
185
469
99
722
714
703
586
360
26
446
439
313
466
582
430
392
251
168
416
704
411
561
526
258
182
600
352
309
3
487
270
466
331
704
21
357
548
486
271
30
331
723
402
28
280
365
533
111
417
465
360
667
285
518
638
402
188
17
293
443
273
516
319
461
69
334
283
541
499
411
267
285
177
208
502
346
523
231
691
84
116
410
125
62
123
325
724
373
164
271
312
367
402
674
510
167
487
317
373
374
174
376
373
433
56
247
357
213
46
219
99
120
106
367
713
107
605
666
402
401
505
336
165
552
676
215
332
44
25
212
257
387
557
512
709
552
265
686
702
177
653
679
515
493
163
185
87
108
468
305
327
609
284
447
366
144
241
697
118
559
279
676
41
97
316
489
545
299
146
311
400
525
263
65
313
113
183
169
223
686
565
336
200
210
604
665
12
597
300
49
402
158
399
26
461
416
118
9
147
546
596
169
78
626
240
226
126
69
394
44
172
207
259
720
63
267
593
454
156
722
466
229
114
542
227
530
508
684
393
425
316
602
304
242
316
113
52
596
415
275
228
583
717
538
492
560
484
224
71
153
557
51
696
53
234
510
168
561
244
229
294
629
583
541
543
289
147
687
150
414
19
172
717
211
218
199
89
19
240
692
689
724
319
131
635
347
330
145
74
313
5
134
295
28
481
621
600
21
512
122
674
709
653
199
446
303
434
500
247
277
290
290
251
318
406
201
110
342
322
185
190
325
62
102
488
22
92
68
166
81
581
447
498
539
216
267
716
719
492
325
499
327
92
403
353
34
351
22
128
163
128
323
325
552
22
563
317
10
99
470
671
148
201
0
324
432
723
0
308
380
198
542
457
627
196
497
202
175
248
424
153
378
81
45
675
329
152
532
289
356
508
459
502
473
655
152
67
515
611
519
167
344
244
120
273
404
504
516
606
578
565
591
144
83
153
29
365
471
655
192
412
269
80
703
169
131
540
149
423
223
293
324
64
286
540
695
639
71
190
608
516
292
402
260
266
439
228
493
488
270
601
40
664
180
44
375
494
315
350
250
236
206
428
111
704
353
430
48
294
195
154
109
257
717
167
440
616
618
437
401
134
102
23
401
106
74
403
662
431
414
638
397
321
273
234
642
621
392
158
626
654
654
434
608
432
355
38
641
317
185
153
259
447
693
440
310
45
138
131
202
604
671
197
509
6
379
585
337
361
361
638
0
515
625
264
97
211
190
630
25
587
298
162
226
256
62
62
615
330
352
103
334
323
94
282
361
620
438
427
186
341
687
329
74
450
57
486
10
507
267
492
317
472
378
29
15
642
682
614
577
627
526
540
631
428
333
176
524
160
135
695
172
495
81
82
236
320
505
60
218
391
384
614
663
187
15
238
529
632
583
508
77
131
485
532
219
280
530
29
318
427
523
240
417
136
485
280
553
652
22
487
707
580
172
710
721
269
395
145
703
303
90
142
20
360
713
483
202
673
85
291
133
679
368
650
359
268
61
178
345
271
529
281
198
39
385
393
674
307
536
457
644
377
693
120
50
479
479
99
336
510
385
346
474
302
647
435
90
491
325
621
677
420
404
581
358
435
77
338
416
8
375
90
260
133
133
433
23
204
415
316
526
110
20
587
587
485
638
211
563
671
165
719
718
373
116
64
371
377
356
659
458
233
103
442
231
215
446
511
319
369
53
340
242
253
348
166
356
380
416
445
218
156
643
76
564
66
122
335
651
692
75
715
517
640
483
635
118
73
148
644
644
265
265
209
136
278
157
502
180
149
442
515
311
173
351
100
188
290
680
78
627
11
325
656
410
278
365
130
615
438
268
194
356
382
213
663
296
107
310
507
167
230
55
188
600
413
42
286
595
600
492
117
378
388
590
296
256
252
315
189
582
362
370
134
430
249
646
62
304
185
321
59
381
371
658
88
305
295
346
671
306
91
333
630
332
105
604
584
149
396
502
6
520
574
17
341
394
113
222
323
162
661
130
130
552
104
668
524
5
578
429
610
47
459
699
515
696
714
697
679
543
608
707
571
598
572
506
595
243
669
59
416
205
424
190
662
523
28
268
492
254
210
298
481
262
370
432
137
310
418
157
247
270
255
419
469
684
541
331
277
476
504
246
245
715
640
272
72
264
361
569
452
473
562
295
543
582
558
376
577
362
251
304
194
459
621
68
14
445
148
561
86
677
626
545
424
293
602
429
636
288
644
177
546
123
636
190
476
280
142
218
260
277
460
62
677
166
565
554
652
607
405
631
63
504
394
235
301
606
663
276
451
54
405
674
75
200
221
418
1
277
589
679
656
78
562
562
553
491
709
276
692
456
583
273
272
180
119
684
119
622
526
147
595
230
188
622
412
147
224
269
332
475
607
547
478
441
271
573
598
140
554
434
630
602
413
327
79
472
441
247
513
425
581
712
396
442
75
175
436
465
388
619
32
309
138
189
208
584
418
670
436
701
231
630
244
72
614
376
687
529
189
105
494
243
174
633
372
205
177
524
439
254
194
88
304
685
533
496
244
264
163
691
415
40
174
209
539
707
216
193
280
314
249
362
701
268
249
388
215
159
43
463
280
489
66
427
423
173
241
553
690
83
568
319
442
308
414
527
496
296
132
684
515
539
447
568
129
429
697
632
651
252
89
449
258
117
33
263
476
43
33
269
568
264
511
479
610
280
292
128
319
166
702
504
139
219
430
495
18
507
0
27
518
484
498
249
724
546
174
79
216
110
353
617
152
292
603
240
318
477
202
268
350
224
216
350
281
102
375
482
515
449
699
417
352
621
125
388
160
642
538
311
524
415
636
251
196
464
492
213
72
313
501
132
520
39
268
703
262
67
590
150
443
102
160
548
413
509
574
629
158
620
582
433
632
89
444
454
246
553
456
420
259
492
644
54
391
251
165
205
150
258
557
399
222
628
695
663
290
492
643
366
548
440
596
358
661
101
71
112
416
291
578
588
450
561
704
515
593
722
605
301
506
354
594
561
663
473
691
570
502
174
564
352
185
250
199
93
708
709
55
96
655
272
675
231
527
517
171
366
270
309
694
509
483
67
236
517
538
495
79
477
505
250
723
438
175
219
718
297
365
4
286
187
627
168
454
533
242
494
274
145
49
490
272
477
686
512
220
641
626
327
185
409
542
692
59
279
168
275
394
418
88
84
46
694
29
13
96
391
252
203
653
84
138
430
35
182
55
280
254
568
246
591
611
589
48
237
487
467
199
475
694
471
502
697
661
667
553
363
660
358
239
462
268
366
27
306
51
34
315
309
660
154
674
57
590
629
578
301
292
176
538
115
583
539
152
199
225
270
705
687
488
504
543
161
591
589
93
559
150
279
371
582
159
469
703
660
675
89
208
152
393
623
180
411
62
260
449
74
30
634
617
699
288
262
87
391
110
641
4
234
715
709
480
635
517
431
567
716
453
284
716
581
447
721
447
429
396
683
414
4
552
510
447
471
709
672
314
241
441
552
316
372
715
520
668
669
5
279
213
240
242
281
490
445
215
524
189
78
427
718
132
492
490
538
537
319
112
526
529
584
47
268
99
275
417
652
434
182
528
281
489
221
431
678
288
244
170
246
591
575
208
621
502
512
512
633
599
691
40
668
138
692
456
584
675
445
623
467
697
196
111
463
632
304
411
681
354
623
439
470
515
31
323
415
306
483
544
69
280
696
690
209
408
396
699
208
258
362
91
291
560
223
338
666
453
357
110
382
388
662
172
574
158
606
592
598
309
516
581
565
564
455
166
491
555
117
162
460
528
136
718
646
570
710
656
409
92
690
650
280
625
495
132
672
55
138
6
36
562
591
722
109
250
677
562
557
630
514
244
103
665
250
685
204
204
653
681
310
20
255
684
667
610
445
569
285
573
461
483
657
576
181
384
549
701
555
555
556
307
624
111
519
351
380
256
167
653
672
401
145
196
138
612
241
284
190
299
124
42
220
577
565
588
571
595
356
47
465
30
495
81
358
442
417
485
349
231
182
529
705
143
648
419
608
231
145
128
2
138
279
646
459
276
650
501
579
248
245
16
246
365
595
519
629
555
656
466
566
605
548
598
611
565
651
576
569
611
500
649
662
161
38
88
36
690
606
500
44
39
598
478
72
1
44
178
318
623
507
214
645
94
395
94
94
338
447
591
624
556
562
453
514
588
689
519
570
573
454
363
53
243
716
85
539
511
540
258
408
415
147
540
588
344
332
537
42
357
261
500
554
514
448
226
571
566
472
649
593
53
357
161
195
322
361
589
569
222
2
682
26
26
622
677
312
634
615
45
625
91
175
619
177
236
173
29
371
9
566
621
337
232
666
281
494
321
384
276
223
116
543
250
724
71
390
535
312
140
227
604
534
665
200
19
376
42
212
165
166
644
162
503
61
463
453
472
457
333
364
687
448
292
407
597
205
262
265
456
74
320
189
647
232
256
254
522
350
297
391
436
101
266
464
316
288
41
720
259
298
56
355
230
306
376
373
485
327
364
393
260
488
288
230
509
271
394
278
2
431
72
659
616
91
76
418
303
157
179
694
689
643
694
2
458
283
518
399
667
490
180
105
421
65
394
302
664
720
608
243
634
711
575
544
442
680
647
78
84
112
711
709
295
712
429
719
425
585
706
357
338
708
684
640
192
235
6
449
169
275
130
321
209
119
684
157
565
196
347
320
426
126
64
6
355
237
269
226
118
80
724
546
311
634
209
288
575
421
587
528
547
286
61
646
51
583
652
509
39
108
130
497
114
678
222
56
296
392
0
232
270
238
265
98
136
243
549
457
32
248
288
491
646
699
255
255
46
661
292
70
492
185
79
466
377
373
91
293
98
220
597
535
198
151
571
93
192
449
74
709
287
692
290
482
117
77
452
631
368
214
7
504
296
269
178
405
438
644
57
368
655
697
668
612
180
171
362
210
165
27
705
365
322
335
336
363
192
655
524
61
32
71
287
14
638
116
427
607
570
456
239
289
265
597
533
0
248
698
620
241
562
659
25
542
101
520
683
113
199
267
249
253
228
589
529
606
42
533
239
542
688
369
579
221
269
483
608
114
58
576
667
522
577
660
169
562
620
286
666
376
261
437
522
42
242
204
391
569
532
584
101
521
545
150
151
476
455
494
582
317
436
641
417
594
419
605
57
235
479
478
572
10
724
266
659
61
591
522
540
18
562
643
178
224
237
453
555
580
151
685
438
696
694
558
714
700
525
475
174
587
696
505
255
147
115
115
169
327
105
204
557
471
6
660
542
54
586
291
226
431
394
306
234
592
610
179
363
539
381
352
174
431
390
62
512
724
666
267
147
602
521
721
96
390
263
447
169
254
348
452
18
341
515
58
519
294
27
48
103
550
65
677
223
255
288
45
373
684
148
397
230
693
438
308
156
257
286
35
226
174
573
314
248
588
146
261
451
228
174
79
210
490
378
515
179
209
561
350
198
537
618
459
187
221
659
198
594
452
454
591
593
667
681
476
591
358
122
586
67
459
683
152
577
591
566
676
18
379
687
208
74
517
191
362
457
547
112
522
357
462
581
45
257
656
548
606
588
37
548
286
453
505
109
456
569
151
565
576
576
641
183
613
595
595
452
363
570
185
109
533
287
116
451
190
146
438
617
487
630
655
9
300
153
520
696
675
374
464
275
495
557
148
483
122
279
338
580
324
176
463
438
496
450
650
206
677
567
269
33
43
495
476
477
17
314
381
23
450
625
453
239
309
107
657
18
650
284
554
265
619
640
701
475
192
320
289
681
171
653
20
149
381
456
261
356
612
182
704
682
272
381
240
380
540
441
225
342
222
206
291
258
701
67
681
56
377
691
682
439
717
119
654
298
353
44
314
255
459
215
135
198
540
501
67
121
457
291
37
261
341
361
497
452
277
459
283
499
497
96
473
254
607
564
305
272
554
718
370
657
428
620
608
356
414
143
69
15
523
648
301
234
519
573
453
629
369
225
440
187
493
194
707
694
580
696
522
221
698
209
700
700
700
690
238
664
696
696
696
393
555
592
607
610
574
209
350
232
590
471
0
695
483
558
719
602
661
115
549
571
599
599
615
115
243
287
410
285
222
170
622
269
180
123
181
40
391
532
694
587
203
493
542
577
301
667
580
590
170
381
656
493
598
54
570
53
571
595
456
657
547
606
656
656
344
171
15
48
346
718
166
566
533
455
583
180
38
439
260
264
512
520
170
584
657
468
199
495
423
198
602
81
66
536
238
597
586
558
534
717
597
502
78
34
523
163
496
47
672
480
386
60
538
371
635
367
194
649
176
107
264
410
699
645
461
539
653
17
28
583
257
275
553
611
642
568
286
702
78
520
436
686
684
419
468
413
315
523
173
663
673
475
382
286
3
188
457
119
242
171
490
170
413
57
673
696
576
4
154
553
601
592
569
571
595
562
419
286
68
508
531
426
684
240
193
415
496
446
397
263
416
695
386
198
138
506
506
166
210
113
145
123
495
477
481
413
526
615
484
311
418
548
455
581
236
448
59
700
687
321
301
496
310
530
184
191
179
265
368
477
553
618
209
549
590
478
554
547
702
595
452
303
678
305
469
267
559
337
433
589
343
314
552
184
213
226
532
679
250
439
378
534
381
291
175
548
645
637
463
422
528
560
641
686
191
449
24
207
213
553
169
555
607
412
397
588
572
51
85
656
2
654
460
172
556
513
504
562
98
252
220
716
714
512
216
167
50
287
565
125
599
355
77
593
499
659
467
364
486
363
408
557
462
457
532
542
85
477
242
311
347
80
96
305
54
174
523
305
611
571
414
525
561
53
610
230
269
191
600
239
679
14
386
349
460
291
499
146
423
24
261
639
191
519
305
229
147
427
33
664
592
579
606
575
245
245
263
172
266
620
263
210
618
185
586
546
306
531
698
472
569
598
574
514
267
667
461
616
124
276
182
492
706
530
433
562
652
528
534
521
228
66
246
676
11
324
349
26
412
349
286
655
572
588
222
83
589
557
556
593
588
566
541
101
572
311
342
66
13
407
19
98
218
262
296
683
419
413
11
290
299
278
268
441
328
15
87
575
229
1
353
79
699
407
75
228
134
534
412
26
26
85
476
175
274
8
275
182
667
264
264
419
459
204
118
567
112
28
268
25
149
410
691
353
84
512
290
253
455
136
327
308
134
52
26
482
181
693
187
276
458
135
370
141
628
245
374
169
368
35
389
171
624
418
621
245
248
225
240
381
474
639
284
274
102
443
622
359
483
92
274
26
275
46
339
71
527
279
408
411
101
415
117
279
408
673
8
35
291
610
205
182
137
664
305
152
616
28
61
17
487
325
134
543
642
658
697
383
158
592
610
467
576
341
542
361
58
170
558
232
21
547
451
723
115
558
48
296
457
366
601
680
359
499
335
126
456
522
504
173
310
88
542
275
604
534
481
561
511
321
430
375
248
391
174
301
548
593
656
369
56
367
383
671
169
7
376
672
421
76
508
102
517
397
335
373
431
702
547
557
318
516
35
160
709
79
719
107
1
250
568
599
637
519
551
667
652
348
311
214
235
638
602
651
601
554
722
606
456
268
75
278
185
564
427
705
226
713
705
370
340
83
116
573
157
723
265
420
277
512
210
427
109
576
613
587
412
206
515
234
247
386
122
460
421
153
645
85
701
253
688
485
668
363
681
666
431
393
422
209
644
290
288
502
643
691
207
269
481
16
563
448
523
600
586
468
491
114
93
399
396
642
643
327
558
55
673
572
415
642
584
677
572
574
698
399
186
391
618
353
131
58
131
668
553
492
375
172
104
9
524
77
676
450
500
689
271
337
311
54
17
673
597
297
338
122
451
646
626
108
116
259
194
380
18
58
97
117
73
623
254
389
127
201
55
667
716
297
651
123
696
103
218
425
628
165
425
319
243
9
434
437
288
92
197
597
63
226
691
116
36
128
325
53
28
552
39
249
16
57
263
524
480
45
480
230
499
663
718
526
536
711
355
596
446
341
413
497
242
507
262
4
71
236
621
262
53
333
104
9
643
196
382
438
156
448
424
154
485
165
442
669
321
84
343
283
231
559
20
666
585
382
179
631
80
643
352
220
503
480
39
486
328
134
299
406
118
160
586
53
95
664
154
2
240
600
666
49
469
714
30
157
60
448
108
197
493
398
402
147
351
390
85
572
470
245
676
719
153
668
501
89
404
203
648
551
336
212
422
88
625
257
665
239
356
76
173
386
560
169
123
116
462
383
251
51
542
50
265
388
552
384
585
231
651
79
119
111
462
605
46
313
696
691
462
700
544
440
644
467
237
561
579
642
544
561
378
696
498
540
626
270
136
156
518
636
637
627
522
191
492
414
131
493
560
60
190
300
417
361
284
134
434
676
392
583
29
27
491
245
490
82
346
423
146
525
241
633
136
48
333
342
112
435
488
41
16
721
693
117
478
446
462
526
45
10
50
669
55
311
372
344
164
430
23
23
350
278
87
347
289
111
141
122
123
443
540
656
498
339
473
121
32
49
486
181
241
165
239
50
707
272
40
19
493
493
119
77
231
185
486
296
442
683
280
154
74
470
120
499
125
712
568
290
131
139
273
258
678
472
126
0
6
113
467
20
181
184
161
349
194
420
227
282
504
167
396
295
653
303
308
636
546
636
425
480
687
231
435
167
152
135
550
271
52
705
719
671
581
605
714
83
711
716
711
654
683
708
661
27
152
721
660
414
221
433
706
582
464
204
672
437
19
675
403
515
459
17
208
683
460
44
238
596
166
458
454
229
274
38
32
411
431
608
14
148
264
129
206
238
691
288
82
33
482
615
164
109
345
135
382
105
65
52
559
164
708
414
470
216
572
132
572
437
480
485
399
203
54
304
418
675
280
550
538
411
37
693
679
14
91
370
245
222
662
550
75
9
581
437
72
599
703
394
662
190
184
493
135
8
416
302
378
545
92
529
380
346
345
223
91
631
235
118
60
412
657
624
686
383
419
263
11
392
544
709
657
723
705
451
485
78
414
252
372
471
455
720
723
683
398
674
139
436
121
236
176
237
46
379
90
34
194
714
147
288
513
517
430
233
307
435
128
106
674
640
498
311
437
600
477
677
308
25
14
622
286
707
295
196
454
79
349
85
465
3
539
622
391
539
405
488
275
380
60
302
440
223
493
358
680
482
390
542
30
631
497
78
651
20
661
409
529
667
396
159
185
192
99
193
325
326
611
469
115
111
22
406
351
513
475
685
468
275
407
410
520
241
333
141
215
509
155
105
12
276
144
541
21
718
85
540
282
44
291
421
715
199
320
15
326
441
615
19
69
587
720
528
25
14
425
639
84
432
131
290
131
406
225
139
580
580
287
712
132
585
87
689
432
581
371
536
371
522
47
163
5
209
399
398
490
146
212
330
195
89
340
225
120
113
228
462
30
196
199
172
456
529
280
220
528
331
716
27
212
484
566
464
420
604
682
2
559
614
608
242
292
50
224
425
359
491
665
303
248
565
621
189
481
541
264
67
513
10
708
520
399
628
172
134
585
383
628
397
555
528
306
444
682
449
304
84
286
146
131
139
590
419
257
528
275
517
83
662
203
105
358
628
628
52
624
36
451
466
210
469
396
258
180
149
707
658
124
695
219
145
210
152
220
620
426
319
223
573
598
593
37
80
342
438
219
27
240
225
480
630
57
306
83
168
12
265
614
9
640
77
223
157
299
328
718
307
160
22
603
584
571
646
611
616
555
579
589
629
392
548
253
594
454
114
387
138
435
366
7
721
556
402
87
59
260
130
400
106
73
386
50
461
638
192
52
98
369
474
244
546
643
97
388
324
522
49
535
476
464
388
488
69
200
258
81
340
720
382
4
539
439
439
548
565
9
173
102
194
347
265
722
68
466
391
369
228
681
204
205
62
343
305
341
565
227
84
148
677
517
657
412
505
426
575
164
401
286
93
272
159
17
199
96
524
414
146
93
664
473
268
365
564
610
693
413
172
234
500
40
367
110
586
346
507
347
418
268
225
469
472
261
54
342
233
352
52
379
565
554
577
663
464
327
479
413
225
702
13
374
7
310
307
425
609
206
105
401
585
145
32
497
107
623
364
338
376
363
651
405
229
514
366
107
284
45
95
411
89
7
578
306
245
203
273
34
421
48
134
603
449
297
37
129
134
47
365
60
471
276
54
624
605
182
407
447
544
390
12
629
678
204
287
309
95
103
100
241
280
24
212
114
569
597
397
138
500
718
81
411
663
235
83
715
94
418
158
105
24
63
660
244
597
692
434
580
97
249
184
432
633
509
450
395
521
180
282
478
99
179
404
281
596
196
124
672
309
155
532
61
96
398
164
704
445
390
370
521
42
157
240
494
655
183
454
355
362
712
450
233
49
2
86
135
340
388
116
401
111
95
36
262
31
586
677
553
567
106
393
50
400
336
398
130
270
365
306
342
127
193
192
236
388
218
535
267
673
297
422
123
77
462
390
335
502
86
383
646
690
240
99
121
499
446
195
615
302
31
520
535
87
196
109
669
487
310
498
469
82
165
168
636
563
149
223
406
202
474
443
569
555
475
495
328
399
126
528
404
446
141
399
245
682
403
99
702
267
568
507
596
89
254
689
623
264
724
360
73
428
433
331
257
168
215
95
554
465
511
406
0
93
105
104
343
22
144
334
400
326
59
343
558
639
273
427
139
306
255
159
724
389
631
148
234
24
610
601
33
660
56
564
594
593
605
548
660
592
549
301
656
593
363
452
607
581
598
610
577
571
556
608
519
657
561
466
395
601
598
81
69
153
541
288
97
29
330
636
295
490
711
298
434
209
256
680
439
520
237
187
35
254
173
43
328
484
521
144
119
500
66
318
439
497
518
241
106
396
302
610
197
539
469
190
20
273
42
695
303
136
424
194
348
371
587
408
459
141
300
105
115
596
104
358
322
208
224
674
220
625
89
0
436
550
89
663
243
567
281
241
692
520
153
335
263
635
429
233
223
602
675
238
151
81
79
128
329
292
567
166
204
619
629
89
296
599
340
434
701
699
35
12
463
447
623
332
411
30
624
481
695
686
26
172
97
608
39
113
142
25
314
663
108
314
183
101
89
183
108
239
29
398
281
80
227
31
340
556
137
332
332
12
685
597
665
624
532
582
680
324
18
423
191
485
294
585
354
723
525
272
283
354
446
15
387
223
511
169
243
199
717
75
616
281
56
627
472
120
559
564
279
78
237
534
204
724
545
486
200
507
626
128
163
613
619
257
429
348
38
11
473
345
232
520
503
515
18
162
474
2
135
164
252
359
324
342
47
421
155
193
351
2
82
685
106
446
270
312
614
625
310
614
407
386
176
398
181
388
388
174
599
189
707
261
486
352
140
559
536
427
540
264
318
487
289
516
187
135
239
199
659
77
84
698
437
460
66
674
665
595
189
180
285
80
422
58
179
239
298
289
410
375
27
250
272
723
12
495
239
313
123
614
518
134
51
441
402
273
465
129
608
383
319
418
404
131
418
120
634
96
471
270
534
317
468
400
387
83
247
378
274
392
625
428
602
356
560
329
480
116
551
324
110
99
427
33
33
381
422
251
363
548
134
269
512
518
344
209
687
138
8
547
398
334
488
224
28
186
65
136
509
381
705
633
222
662
671
281
278
678
701
86
579
645
392
620
503
705
432
511
496
18
87
35
440
188
6
681
567
314
575
522
290
700
551
607
508
590
34
299
402
347
697
307
300
439
114
419
283
694
295
525
290
93
99
597
230
385
33
380
110
559
660
181
585
349
62
179
149
439
52
228
613
613
577
503
466
632
377
278
45
232
255
461
163
450
352
338
573
571
320
224
662
679
647
407
682
595
426
373
396
702
23
502
576
476
224
571
460
589
560
453
551
661
551
573
613
572
589
452
590
395
560
640
613
158
577
285
556
120
579
606
598
517
708
187
384
164
659
585
330
287
298
299
311
477
565
242
84
691
496
48
636
435
33
219
467
649
90
458
93
643
160
600
93
420
373
481
190
695
273
515
246
242
532
31
675
312
361
145
360
395
404
603
171
176
310
43
510
680
675
1
239
66
603
158
128
155
141
257
97
123
508
21
559
6
107
363
394
272
505
597
205
15
141
110
168
123
444
360
579
704
126
423
358
491
256
441
616
602
668
41
340
93
123
274
575
265
194
194
627
623
247
694
465
691
34
58
717
692
64
417
490
282
499
404
118
33
470
521
102
617
303
384
184
450
86
41
41
482
154
58
129
497
403
388
121
345
70
444
202
324
672
102
439
470
714
168
582
117
330
439
337
410
465
549
621
559
33
80
46
565
646
190
613
556
15
606
591
553
576
649
355
65
343
334
10
165
330
546
204
69
664
184
235
382
620
1
341
489
688
448
355
350
299
26
622
364
69
497
11
56
253
668
125
701
613
190
42
349
498
151
124
419
197
327
500
309
362
246
555
667
645
519
516
35
292
245
327
78
598
635
498
278
509
51
82
16
300
504
78
159
563
96
74
479
72
396
668
315
586
485
340
412
477
332
108
303
115
19
553
666
644
120
523
706
213
408
212
114
55
672
407
226
179
416
152
496
407
618
375
560
464
492
666
443
275
716
324
576
113
70
607
474
18
464
426
97
537
531
609
18
424
31
483
719
124
429
210
437
523
706
149
213
522
202
179
114
721
226
489
416
27
365
458
55
501
700
74
577
0
159
114
323
127
82
350
111
323
60
544
512
523
718
575
228
453
557
301
547
595
689
514
378
448
506
572
293
406
352
698
723
692
671
599
494
374
245
228
253
449
547
42
695
669
522
366
74
374
443
309
49
376
526
559
467
113
443
129
181
654
614
337
198
174
245
101
318
676
340
645
330
44
496
205
559
508
24
424
177
710
380
390
501
465
340
301
506
158
629
515
560
566
227
576
358
467
377
432
462
371
367
476
555
636
516
577
586
166
169
0
500
263
616
11
68
181
701
7
511
70
306
495
610
722
124
482
564
224
151
514
598
246
569
314
596
646
55
629
559
607
571
554
660
456
550
475
452
702
590
651
557
575
405
598
579
589
76
492
650
109
611
684
369
255
602
462
594
250
610
610
502
65
286
464
716
29
401
91
519
312
374
0
181
212
142
95
706
573
227
231
416
428
590
105
47
583
287
611
607
21
9
403
635
538
426
44
320
302
97
326
197
550
85
259
277
459
710
79
442
302
156
608
670
233
470
446
246
416
160
603
397
186
42
515
41
73
284
348
534
551
648
283
6
283
510
400
200
666
66
487
187
284
463
16
42
557
71
723
5
49
712
436
365
314
551
536
413
102
547
416
51
721
158
51
525
346
672
182
670
137
678
75
159
168
183
126
482
180
622
170
9
516
176
548
58
275
638
638
460
670
497
460
9
553
599
39
34
331
641
439
430
125
31
464
161
715
129
180
284
433
433
503
48
711
161
119
257
222
686
75
243
669
49
91
20
392
30
319
428
307
537
231
329
706
382
513
624
42
430
621
584
337
339
236
291
394
47
173
362
584
584
165
185
125
614
382
213
426
170
38
190
374
260
704
209
537
62
240
290
568
256
625
245
557
529
514
657
652
454
565
578
595
25
393
660
452
548
656
610
556
591
551
629
437
555
273
39
574
95
149
721
680
175
632
343
472
393
620
195
82
406
355
557
227
61
584
710
82
159
332
239
281
206
171
697
623
563
631
31
555
594
317
437
375
598
722
38
52
25
588
248
34
255
231
638
242
355
671
468
659
455
102
337
695
176
639
671
7
103
385
201
348
386
332
140
10
258
679
1
61
163
83
406
348
534
348
677
61
400
516
191
531
529
550
329
201
441
210
523
611
263
396
279
211
673
538
175
418
312
691
588
41
279
592
496
538
496
251
34
440
224
583
665
477
606
551
611
550
610
130
368
60
551
374
494
556
311
454
249
238
586
580
425
135
443
165
272
540
88
432
357
48
569
587
549
598
515
564
607
566
691
464
321
570
580
443
202
704
576
569
363
512
38
589
443
620
514
323
25
527
598
301
301
569
576
722
555
605
579
458
183
557
444
394
577
343
473
368
601
571
556
577
453
594
577
570
564
586
577
456
555
476
244
672
577
720
332
645
566
506
456
359
710
194
521
664
518
562
548
573
574
139
245
351
347
67
67
225
155
499
262
380
501
248
535
114
164
135
105
82
37
82
345
150
405
95
507
252
493
172
12
315
69
253
311
511
517
377
169
666
480
689
13
250
542
385
427
301
565
718
450
450
711
37
441
155
335
452
529
4
572
591
183
592
606
184
310
606
585
531
493
595
576
654
251
16
591
487
246
630
290
365
590
227
437
55
37
76
176
212
130
19
322
147
86
235
62
54
626
626
586
48
713
68
98
145
97
163
194
132
287
372
261
309
612
102
200
324
76
133
396
333
192
353
491
673
618
345
468
188
31
606
576
59
662
92
669
645
278
41
700
552
521
683
407
319
673
424
382
139
698
263
182
448
215
707
641
346
380
128
254
45
136
422
570
606
5
505
193
330
216
103
618
525
6
475
703
474
341
194
634
119
559
555
524
40
658
349
455
177
436
49
588
76
687
639
92
67
471
371
649
504
405
395
379
457
661
619
304
699
333
622
339
232
213
406
102
94
718
90
528
593
426
124
329
272
72
120
339
349
57
629
669
124
23
377
428
323
429
323
686
26
713
463
232
692
632
216
162
192
326
104
215
117
94
208
162
512
401
110
23
394
235
121
191
178
671
215
526
436
121
16
334
666
532
654
502
395
155
459
719
581
718
477
207
683
714
68
513
371
585
169
368
85
303
389
612
464
544
41
214
458
107
526
423
635
197
507
349
658
324
151
145
122
398
399
330
222
203
79
204
222
318
521
226
133
503
266
61
295
143
16
217
659
374
402
191
377
85
539
667
674
22
312
373
240
24
369
483
203
78
370
167
124
33
706
706
209
287
698
695
700
563
181
243
412
650
411
651
430
7
346
604
336
719
342
338
31
28
470
541
217
222
256
305
359
200
345
422
199
487
367
354
478
550
424
688
169
334
155
95
518
658
398
104
338
574
681
345
227
100
674
473
24
138
198
450
258
370
700
175
222
244
608
389
389
65
442
613
310
111
208
484
439
487
704
4
572
612
400
626
468
624
632
149
678
345
367
201
458
132
455
380
614
458
367
657
664
123
380
499
380
217
291
451
426
287
333
271
327
52
78
322
394
145
146
460
671
218
35
702
436
127
421
236
587
6
596
415
387
418
423
330
527
299
289
219
164
256
582
175
721
353
58
653
73
619
19
422
247
12
665
133
7
92
223
212
63
193
323
95
405
47
173
150
430
460
86
353
381
193
149
175
723
41
434
642
89
704
82
145
23
502
109
100
397
304
434
147
430
133
612
221
720
111
693
87
604
123
149
568
482
261
89
638
693
234
607
385
328
318
22
493
404
312
188
326
22
566
675
716
34
98
200
90
350
73
192
450
76
640
451
35
364
498
435
647
623
91
544
614
630
223
234
166
19
359
189
368
575
629
112
330
274
628
487
330
173
147
419
437
234
36
261
178
628
646
672
672
643
4
58
117
381
303
478
131
237
650
159
643
484
217
666
87
626
105
5
493
398
484
285
566
243
307
624
668
366
616
541
8
143
143
243
515
527
121
91
680
230
538
268
112
308
688
206
207
493
630
52
405
421
384
83
495
365
682
637
661
673
618
296
255
535
423
292
207
38
108
448
183
316
108
163
108
19
184
183
38
527
638
649
274
663
302
615
625
77
102
367
210
474
92
207
86
633
618
681
618
414
359
142
327
549
462
636
331
384
645
117
334
407
479
384
144
652
679
192
52
675
272
71
339
615
94
600
141
77
306
367
20
419
419
613
141
113
466
205
633
63
222
79
237
188
534
130
179
366
533
2
266
206
545
664
529
212
615
153
201
625
652
551
63
479
510
479
118
672
426
91
569
269
266
504
189
254
271
26
217
540
61
110
687
162
384
3
518
521
645
405
299
299
15
319
46
681
635
325
305
709
487
634
34
542
288
154
215
109
351
653
396
185
453
112
78
718
638
693
354
342
354
242
315
6
72
637
350
359
531
468
120
488
187
238
11
298
357
206
427
63
689
374
427
398
228
427
628
29
694
218
214
43
14
63
135
253
457
457
518
216
719
275
247
472
517
370
271
461
185
508
220
451
426
406
122
447
640
713
400
300
287
121
202
454
167
188
408
191
463
300
65
95
153
174
525
181
253
442
448
70
130
537
239
219
305
202
480
480
608
460
361
155
407
513
156
620
14
203
481
211
628
709
241
644
653
500
690
499
682
437
691
500
362
372
89
34
254
140
404
91
307
316
303
381
339
155
58
43
480
196
328
238
638
400
543
466
229
520
463
192
102
473
129
646
375
313
170
192
509
437
16
30
214
584
520
118
0
357
118
691
5
402
195
348
699
404
89
364
374
189
666
546
612
371
7
615
74
7
706
669
10
376
514
165
242
124
496
538
83
438
390
376
317
311
253
662
39
53
291
411
492
451
116
435
531
24
261
364
472
299
620
239
396
618
357
259
11
720
267
374
466
185
398
356
234
550
139
208
325
331
643
23
668
499
228
537
82
512
521
677
31
53
152
220
7
537
119
628
155
172
63
618
499
605
466
480
322
617
211
463
48
604
285
70
438
521
608
706
313
397
539
567
267
233
379
127
213
582
105
585
65
596
497
487
454
263
242
267
397
46
428
127
475
104
640
14
572
362
242
490
473
401
47
547
438
112
622
687
424
433
16
711
641
536
676
707
658
275
705
496
715
252
441
419
535
698
716
600
392
494
75
82
422
86
57
361
379
431
605
241
473
309
475
118
167
343
637
351
134
450
392
703
522
200
316
612
81
362
20
155
88
104
491
435
553
604
73
633
480
262
368
376
171
237
666
674
9
609
163
459
497
166
162
659
294
389
206
156
649
174
105
190
649
647
647
218
502
631
282
490
173
535
721
466
426
164
284
515
688
58
90
609
210
30
53
169
383
432
170
377
621
684
686
73
277
507
198
324
401
91
375
383
632
389
498
356
374
35
35
389
7
622
321
537
687
431
432
200
353
491
441
322
533
5
477
672
483
225
15
358
706
659
218
643
71
293
124
357
717
377
10
7
374
444
389
632
711
688
28
424
160
667
146
201
654
687
20
136
46
510
249
710
175
28
111
26
289
250
655
346
347
724
161
85
10
177
669
179
405
35
388
73
74
388
632
566
709
509
377
377
335
373
106
57
369
426
368
426
70
554
118
205
584
199
36
89
57
325
716
282
473
121
189
367
376
529
689
396
79
1
270
567
513
380
115
424
440
295
441
285
22
26
509
147
270
190
272
340
84
39
670
561
563
552
525
414
478
638
8
610
663
223
180
315
697
651
593
108
689
256
224
153
386
190
418
288
603
583
586
319
300
672
592
71
41
316
352
82
164
90
213
422
473
232
225
564
539
451
531
532
604
36
509
57
325
366
544
354
648
536
479
177
483
186
321
306
259
259
508
692
328
643
76
377
81
28
29
554
328
21
388
202
669
93
198
270
272
193
365
516
368
67
604
107
77
30
37
504
487
53
211
211
29
704
651
171
677
696
61
81
596
281
382
212
292
225
98
162
124
440
142
129
100
467
76
293
221
679
393
113
88
120
14
270
408
274
416
526
224
586
42
508
639
20
371
520
347
337
171
316
469
43
165
163
131
431
503
317
379
547
251
442
573
679
462
144
100
300
560
721
475
238
585
94
179
403
615
623
668
620
446
322
411
151
221
124
13
112
483
178
552
217
523
256
99
127
99
130
5
582
257
25
619
401
323
298
387
503
83
293
419
70
35
295
257
304
563
475
717
113
346
650
151
322
694
719
707
370
138
270
444
198
607
50
723
278
248
453
409
584
75
138
289
597
703
618
497
614
62
703
270
479
436
96
342
387
342
351
324
351
130
385
353
75
617
343
669
186
627
61
542
140
596
273
484
251
665
442
251
718
553
4
28
700
437
320
135
211
525
302
29
482
125
316
241
378
323
379
135
211
9
485
485
122
296
85
369
94
395
395
155
342
710
717
503
611
94
186
68
491
431
563
209
37
384
161
401
137
680
690
580
623
145
567
438
452
37
450
723
124
622
304
219
455
250
614
221
115
261
356
187
666
422
148
307
335
43
662
493
665
527
635
608
253
15
416
58
364
497
498
387
219
145
106
133
470
140
260
410
503
251
461
160
173
116
351
163
188
529
8
29
541
429
496
100
199
430
355
359
286
707
719
292
724
274
639
320
547
529
202
7
171
509
142
441
355
342
612
399
106
609
292
655
565
107
234
325
112
708
708
406
639
105
275
707
22
24
212
550
543
195
86
319
195
233
413
565
234
415
24
29
650
262
392
384
3
592
389
650
489
389
662
485
499
541
121
331
317
63
195
127
444
650
474
344
651
501
58
81
81
674
470
141
141
305
315
143
120
167
302
367
553
645
174
251
698
318
615
430
398
332
377
125
73
283
603
125
186
584
305
4
535
399
715
720
540
12
262
251
54
281
249
144
654
621
578
510
348
217
556
68
691
644
690
247
308
524
204
348
457
533
308
440
602
371
115
125
362
339
174
138
300
160
460
258
484
618
167
400
294
530
393
269
116
208
71
597
130
385
435
661
551
533
58
255
399
106
148
359
40
544
492
322
292
335
682
157
253
325
2
178
129
336
353
136
458
247
594
62
417
294
475
632
373
363
29
599
710
380
400
542
292
376
514
624
453
607
652
445
606
689
549
445
698
332
506
594
702
494
454
573
405
543
355
506
228
158
593
514
514
57
183
474
611
555
156
301
716
562
363
331
50
386
543
481
76
89
109
193
543
168
470
77
425
129
50
46
226
373
241
615
707
280
517
697
409
402
475
208
177
216
298
160
120
43
633
167
343
398
279
575
73
122
20
42
84
65
521
543
577
64
120
200
119
617
655
222
536
423
367
688
142
175
157
363
180
13
65
625
705
196
597
259
291
190
191
611
204
322
323
343
128
491
483
413
110
326
565
99
646
139
126
203
254
645
11
297
544
667
648
113
248
394
326
334
201
513
669
393
479
308
271
6
503
435
170
436
49
631
39
328
150
433
336
424
444
131
111
345
72
308
135
158
82
109
330
369
247
57
137
104
147
105
348
130
369
650
377
373
168
95
632
15
20
632
369
396
491
440
374
494
668
319
158
169
644
381
589
438
554
345
571
47
246
598
720
113
358
294
519
665
50
504
156
376
577
64
374
639
168
33
594
589
562
590
659
656
591
185
331
455
252
71
327
502
655
9
388
315
56
220
11
253
660
346
439
514
419
361
474
507
140
233
247
478
458
291
66
588
443
301
395
562
55
457
327
267
78
409
631
2
443
162
146
472
81
353
463
336
704
91
59
695
92
45
101
23
586
663
177
170
61
449
618
59
38
254
42
454
422
281
243
267
267
387
481
47
21
132
281
304
191
160
470
193
371
535
410
178
622
11
181
276
192
520
509
304
176
143
665
446
154
97
539
233
97
483
281
476
223
40
312
268
137
180
249
291
723
720
62
397
539
13
260
4
3
64
688
516
574
564
375
661
545
154
43
409
482
316
115
337
648
583
229
290
79
375
315
496
517
28
586
350
446
186
210
463
178
115
683
505
79
602
431
408
262
496
450
578
206
581
149
128
216
694
387
609
11
270
407
75
523
14
584
218
528
220
541
696
364
123
443
273
395
129
252
74
71
407
558
574
636
578
223
641
627
584
416
80
387
541
61
540
12
541
350
216
201
216
262
642
279
523
285
80
414
43
461
236
339
14
224
350
548
548
331
350
613
216
475
231
279
522
80
270
150
495
28
55
455
488
591
333
53
230
194
298
170
187
87
227
615
445
472
623
173
156
623
115
156
13
223
58
688
534
61
720
268
72
532
408
495
286
363
720
491
147
604
306
143
16
417
122
250
324
384
67
647
578
272
189
312
672
188
252
579
272
535
516
369
252
60
534
243
674
72
163
252
527
476
43
313
535
530
504
118
148
581
176
566
270
2
151
177
289
256
172
249
583
386
600
43
229
80
528
446
375
566
447
549
681
675
5
88
639
161
377
590
59
5
199
263
261
118
121
183
5
684
409
508
664
161
5
28
403
33
347
153
95
94
703
300
141
20
587
378
166
475
32
313
137
359
55
357
388
313
558
261
225
276
62
62
62
662
132
282
29
390
243
36
572
474
582
351
323
334
502
8
40
44
177
427
522
353
589
605
554
652
224
698
152
10
10
117
251
91
123
681
484
590
298
615
290
477
405
100
389
440
389
672
328
713
700
142
23
27
308
396
393
376
481
97
100
6
57
393
532
280
549
324
173
658
649
248
415
527
30
344
496
11
186
645
672
302
338
386
197
9
104
503
81
181
201
193
404
35
444
500
494
595
96
141
477
213
408
106
379
19
217
38
341
84
545
461
304
328
417
386
11
135
294
624
205
724
720
341
214
178
156
543
488
684
34
652
536
461
693
393
366
369
684
708
70
211
500
609
609
576
58
380
389
341
717
707
294
525
297
58
10
10
277
283
643
186
19
692
262
609
452
74
241
676
203
357
217
117
543
0
180
332
540
724
248
248
215
51
686
460
680
447
216
580
466
580
560
710
714
710
676
462
439
294
294
618
360
348
348
637
529
25
283
282
426
199
361
226
648
292
466
455
396
703
238
705
722
536
547
593
571
467
589
579
664
321
257
641
613
229
715
466
234
22
700
98
637
598
453
502
610
56
229
444
580
610
590
443
573
448
329
301
109
514
570
576
580
579
48
695
656
356
601
432
228
610
578
581
33
363
504
556
574
630
33
561
386
344
132
428
428
702
605
478
593
433
381
261
655
146
308
482
19
52
543
556
282
35
467
380
648
453
347
391
431
76
80
285
654
447
389
90
411
654
365
71
106
203
403
267
685
479
196
285
706
190
540
235
420
207
710
43
194
719
510
55
612
677
228
262
375
300
399
186
679
511
39
614
349
534
669
44
182
72
528
564
310
288
342
2
215
527
683
162
223
391
87
502
141
467
624
32
175
373
6
180
382
378
362
537
319
304
175
184
126
158
165
164
135
667
649
98
409
705
338
232
690
639
378
294
275
718
544
544
221
302
409
388
704
448
112
333
487
396
306
74
296
264
47
235
119
521
668
327
431
221
296
56
145
173
462
307
559
508
52
566
439
445
463
424
609
114
394
357
169
602
568
68
662
247
719
459
210
578
265
101
401
592
397
293
339
582
612
362
309
266
681
413
243
56
211
227
646
154
424
146
410
419
693
566
460
485
693
599
601
305
639
625
231
327
437
475
423
124
53
282
568
394
183
339
445
420
508
709
521
577
442
222
512
282
237
627
89
294
260
191
101
251
489
163
500
339
253
459
195
27
666
10
221
151
608
303
612
575
612
14
626
311
424
282
527
645
433
433
235
12
461
278
352
210
550
525
673
157
372
132
292
513
669
670
698
645
93
596
531
38
351
298
26
646
671
255
307
101
418
645
566
551
694
579
644
446
590
545
67
161
394
370
488
501
180
361
420
115
46
478
291
39
155
322
652
23
2
379
32
505
23
87
150
19
44
51
395
191
680
705
410
705
108
522
479
532
64
447
378
544
139
673
646
67
651
88
372
361
188
37
59
422
48
309
698
644
360
205
712
442
216
620
304
590
377
691
686
332
201
212
62
461
336
312
418
208
535
698
346
353
119
119
420
201
217
646
638
37
322
75
352
683
424
333
514
506
486
535
675
345
673
158
0
344
144
129
0
579
254
172
525
529
158
320
639
271
273
10
87
113
180
477
632
145
32
153
485
184
466
206
350
603
367
175
143
99
658
392
234
45
189
283
142
624
266
182
244
138
223
352
442
663
567
463
432
468
373
413
371
374
368
18
360
64
245
432
370
710
324
8
69
516
560
209
366
621
50
513
36
115
644
521
236
356
356
176
356
546
151
429
484
148
707
699
22
126
8
193
264
156
44
224
410
32
567
467
220
420
57
52
567
484
80
279
84
118
178
166
652
315
132
546
693
510
226
201
347
144
273
526
39
89
678
182
316
665
268
633
689
429
379
625
428
457
13
97
254
14
640
8
407
356
423
112
204
596
487
560
403
67
198
516
486
59
259
60
358
422
211
274
445
362
697
559
531
6
429
244
615
176
72
126
224
70
70
68
379
428
689
582
228
45
622
507
33
45
359
524
682
337
423
174
354
455
491
411
337
721
227
21
552
655
208
247
276
138
207
601
265
128
417
36
430
463
94
641
95
16
578
410
94
448
495
30
367
359
456
651
208
524
477
107
148
384
570
299
539
84
702
34
670
620
531
568
397
662
690
243
662
550
277
648
60
279
600
447
148
620
635
647
289
281
682
294
191
154
203
2
447
591
667
359
624
366
421
715
152
707
116
670
376
103
397
397
195
127
657
203
575
607
279
590
698
660
55
722
471
594
570
301
476
458
348
273
279
85
148
683
530
642
430
113
614
597
334
140
705
676
309
683
444
714
485
80
661
441
572
712
708
376
278
169
700
679
404
366
306
363
131
511
215
575
663
196
452
559
637
362
397
588
558
551
132
31
60
92
247
466
684
140
85
370
11
569
693
161
500
361
253
26
49
387
364
354
186
582
539
14
628
606
611
702
629
591
573
581
670
713
159
593
255
362
648
214
587
539
228
293
205
265
248
3
642
587
78
218
628
533
497
255
692
92
686
692
244
517
233
623
602
254
188
694
38
183
25
284
108
184
207
183
183
203
325
183
460
549
692
73
597
236
688
191
117
689
83
65
315
125
3
184
473
189
73
372
255
645
724
613
157
593
215
427
618
74
699
440
578
494
248
251
611
220
395
589
589
587
68
444
464
464
288
628
287
12
578
571
600
178
456
469
589
623
599
452
564
515
593
555
590
573
659
456
570
46
689
554
301
573
592
158
659
656
548
601
254
514
452
214
722
570
443
443
605
606
592
696
554
722
570
55
514
557
659
656
571
506
506
649
514
446
644
433
27
15
417
616
406
513
195
93
225
471
125
126
574
126
80
674
654
654
574
700
711
315
594
595
577
593
570
591
649
504
444
501
169
588
708
300
629
81
589
389
426
358
83
717
274
658
169
0
707
714
425
171
452
606
505
636
235
559
613
592
458
76
262
431
237
486
562
588
660
585
45
300
127
389
189
485
303
478
378
603
552
653
533
15
304
334
342
153
338
677
533
246
617
428
142
111
15
50
328
590
549
137
266
640
595
646
63
354
564
437
74
75
506
664
485
269
618
611
48
97
398
409
36
399
377
640
665
406
503
197
503
3
688
545
337
654
22
345
603
370
351
617
317
671
397
343
325
358
127
626
98
78
71
462
68
497
498
616
627
316
328
474
601
395
570
301
659
12
541
634
360
53
330
279
12
317
317
329
109
545
185
498
601
121
207
107
440
36
415
60
454
4
449
40
487
341
429
597
154
262
154
272
705
664
121
436
213
40
1
184
107
108
184
108
414
456
237
595
370
387
65
558
187
495
270
154
199
193
289
200
716
17
273
480
4
667
704
220
650
284
297
446
615
297
158
692
719
668
295
499
337
535
64
721
643
664
190
704
157
305
445
293
81
431
715
711
194
683
636
155
106
247
295
251
258
296
492
384
9
341
444
153
49
43
274
407
386
449
182
681
447
54
153
567
625
710
664
240
299
324
230
298
105
531
531
481
534
51
136
637
232
510
98
221
221
200
122
122
402
604
627
323
562
591
80
363
591
452
254
637
657
541
641
375
656
501
219
579
338
635
348
601
511
504
557
720
260
338
379
608
338
617
644
114
370
148
225
689
408
147
518
578
77
713
543
679
661
453
314
150
391
704
227
614
632
3
359
456
703
9
687
658
342
39
569
718
635
241
109
247
4
110
616
121
213
693
296
145
333
353
335
312
560
397
171
47
253
94
70
142
316
105
603
484
227
66
162
362
338
336
334
300
105
353
372
353
215
405
514
59
16
372
366
563
49
280
84
167
284
51
679
570
671
157
176
420
236
86
530
60
498
409
101
42
200
64
410
675
624
8
394
145
543
563
23
459
327
43
299
16
536
395
358
684
407
122
698
74
549
221
110
100
96
291
120
67
539
199
38
197
138
297
425
525
31
217
171
95
151
680
145
518
299
355
268
239
136
650
527
96
123
467
130
331
47
420
471
648
370
70
490
178
689
612
550
28
165
641
258
530
272
146
140
542
695
695
601
340
20
289
361
181
647
703
501
599
314
713
588
599
571
637
656
525
205
574
685
599
606
547
56
467
564
592
523
592
579
574
51
532
386
277
58
508
568
714
329
200
455
398
652
320
398
633
258
588
293
228
596
117
369
232
24
501
552
693
6
222
434
383
454
351
583
365
203
19
189
265
673
685
213
627
574
701
519
471
102
491
403
440
569
516
554
554
561
718
554
515
101
441
372
443
467
314
529
568
514
516
561
569
77
559
605
564
270
53
536
523
242
170
601
702
372
94
407
259
187
424
261
698
227
646
281
127
463
323
36
408
243
607
702
451
403
119
415
527
161
587
223
407
127
44
369
111
589
629
195
354
232
703
594
596
301
412
207
335
176
115
693
192
97
30
639
163
227
453
477
186
355
283
501
211
349
574
670
224
257
573
417
519
656
701
405
246
198
306
405
57
381
545
402
234
42
219
211
64
12
426
22
490
566
585
111
576
423
686
179
241
617
303
303
644
336
526
362
430
357
601
566
537
343
41
88
575
379
99
75
303
134
675
376
150
193
498
281
171
344
329
97
344
30
481
119
22
647
313
324
343
437
446
670
382
622
398
449
517
488
245
328
54
205
500
540
645
662
647
117
647
700
306
537
336
365
126
191
174
435
484
55
347
202
232
185
205
102
100
343
348
258
678
390
406
403
215
524
283
655
424
90
322
152
167
46
625
167
337
40
545
16
498
664
471
99
350
251
349
297
691
386
511
98
142
642
420
88
350
174
116
320
376
557
0
432
218
50
91
166
158
201
365
293
99
384
59
141
137
475
330
639
258
103
326
417
326
104
217
314
218
303
489
420
518
389
390
150
372
603
360
72
124
219
497
237
290
530
368
534
106
135
626
511
490
26
567
435
133
50
439
297
333
570
300
722
688
498
197
18
464
566
245
474
66
383
195
385
175
435
499
505
155
530
339
131
103
383
351
22
665
36
6
141
16
186
482
202
308
413
95
507
617
195
201
609
535
666
197
41
438
103
265
422
110
61
644
130
108
201
704
72
448
85
446
609
63
187
371
15
124
162
54
4
634
231
686
68
273
686
194
481
627
675
146
329
225
310
87
637
249
34
278
11
159
372
429
125
278
647
450
256
23
233
39
12
200
315
356
184
643
408
101
153
248
487
686
653
454
181
226
85
115
217
234
198
122
463
125
152
152
8
265
556
305
149
375
526
504
627
1
261
519
267
509
229
470
137
408
21
160
592
325
134
359
151
184
109
88
483
688
567
518
104
151
506
348
263
10
314
530
350
177
102
519
660
702
708
13
476
482
481
216
287
69
582
67
178
533
79
661
601
231
498
535
463
547
681
593
564
187
557
561
199
194
289
619
536
281
496
52
32
411
110
419
365
631
630
168
634
176
208
646
118
312
349
315
307
72
314
9
594
4
496
380
417
380
318
505
61
663
485
676
681
620
673
428
714
708
396
544
479
36
723
532
658
285
501
289
680
712
712
711
536
705
685
718
600
377
286
616
627
352
12
148
233
32
297
368
690
458
266
269
332
613
607
573
549
660
570
574
594
138
612
355
616
34
63
14
65
37
615
586
610
527
309
498
193
152
260
72
451
247
71
375
677
276
112
491
321
687
480
285
691
485
86
526
120
712
69
494
123
394
66
276
291
372
568
282
116
230
378
273
24
527
283
260
456
226
106
583
182
495
230
178
409
590
5
100
329
409
163
229
262
575
627
429
665
304
495
712
717
11
642
196
278
205
11
501
372
710
208
269
240
526
149
220
200
473
636
683
369
10
93
311
138
206
411
436
293
467
536
101
241
385
138
60
454
695
264
17
408
276
236
14
701
295
679
316
680
269
620
49
677
175
415
168
76
537
374
35
695
387
279
175
72
3
33
370
541
272
679
140
213
473
246
443
265
278
295
114
464
59
410
443
505
5
658
218
380
165
246
254
233
648
626
277
27
320
157
214
622
71
690
181
530
120
313
572
204
699
513
186
538
303
150
378
387
371
635
465
89
381
699
295
546
156
285
672
366
626
671
87
297
40
69
631
436
90
276
717
86
567
83
625
297
215
633
679
154
412
203
600
230
8
415
107
535
280
510
527
318
461
224
262
326
438
187
142
394
102
0
337
512
30
277
485
190
530
181
440
80
456
647
307
557
405
629
184
23
263
686
528
101
490
416
455
583
622
609
5
219
375
88
627
263
285
531
664
341
620
692
8
4
634
284
76
692
315
163
508
696
28
130
84
619
480
575
132
619
661
241
552
425
282
306
78
670
8
545
367
600
490
73
315
263
579
708
510
471
316
701
723
575
241
646
693
441
432
510
660
658
583
109
277
461
609
383
318
29
477
176
541
56
234
314
552
585
540
118
118
518
469
110
683
207
232
697
411
711
715
439
654
336
585
714
396
205
607
501
9
431
471
581
510
681
708
624
536
10
356
657
711
305
434
471
660
575
722
685
544
471
226
638
551
207
58
517
629
235
562
341
211
606
653
393
194
263
518
460
505
500
598
561
146
607
519
578
720
651
689
593
452
562
571
702
605
701
12
154
548
599
150
2
25
553
589
698
588
549
588
598
577
664
467
519
506
589
607
506
235
256
645
364
681
706
722
590
649
581
651
706
414
708
558
162
465
697
661
150
692
663
249
4
252
249
242
195
701
56
658
689
687
698
238
483
552
538
17
638
203
695
328
473
369
261
452
645
562
301
358
640
668
203
13
502
717
449
660
585
657
205
563
694
713
199
207
578
605
243
687
92
69
62
609
287
18
550
475
122
349
192
534
544
309
309
622
714
587
441
19
536
172
704
216
720
174
721
17
674
288
287
158
322
44
8
554
659
549
613
667
555
700
651
698
706
619
689
694
689
706
205
694
663
238
137
211
562
578
588
102
578
593
562
652
594
458
591
600
465
713
580
576
529
517
722
309
68
209
208
671
623
687
717
80
46
650
676
715
708
709
604
715
510
721
682
715
186
523
710
204
703
676
672
114
114
453
13
619
190
700
549
691
702
469
412
369
204
313
413
575
444
537
655
673
523
449
445
407
670
473
45
420
153
450
48
717
290
420
472
723
705
418
427
250
354
416
61
17
410
416
392
216
221
519
508
217
474
677
542
320
647
250
648
203
360
125
231
259
88
554
309
299
683
406
381
50
385
145
168
252
321
298
134
346
409
291
178
92
549
191
692
230
125
106
484
372
319
625
63
516
250
661
412
724
122
619
188
362
372
269
433
419
151
57
123
553
287
641
665
639
20
722
522
11
134
272
419
100
100
206
609
654
361
318
26
16
716
369
520
47
368
411
18
683
706
369
95
86
261
17
341
238
355
560
321
421
657
640
370
711
678
714
466
132
708
680
27
722
623
715
287
465
240
313
707
712
544
712
660
438
719
132
703
680
722
716
712
229
682
340
572
611
611
393
554
249
720
711
595
678
465
719
580
716
528
360
207
59
467
258
631
252
544
329
650
563
700
706
384
239
703
706
585
0
580
712
707
581
660
38
396
672
719
640
289
319
461
660
430
234
27
74
501
189
523
482
472
244
520
666
468
180
339
529
216
87
477
583
323
505
579
541
557
390
276
706
568
50
621
130
468
65
25
658
170
495
454
260
451
488
500
313
157
463
406
467
312
349
391
107
291
331
130
390
469
719
195
276
73
147
84
519
462
485
544
210
476
120
124
287
285
602
642
421
358
280
20
432
352
534
160
648
534
459
54
283
520
528
528
283
273
450
560
356
508
360
470
603
234
176
