0
28
17
69
213
138
22
223
199
38
113
0
149
128
181
25
34
45
160
98
188
59
135
10
83
195
21
189
158
71
182
58
86
79
33
61
84
30
18
129
174
189
76
94
57
82
195
64
180
44
75
54
202
96
83
166
40
41
98
126
102
164
11
66
192
89
85
117
163
6
55
27
129
120
71
144
72
18
134
192
41
47
220
184
131
137
171
201
124
111
226
211
21
153
164
45
119
151
138
55
108
42
31
188
232
111
176
72
216
171
96
191
33
172
168
177
191
33
74
230
97
209
52
122
94
55
73
229
201
75
16
7
77
117
76
37
190
5
9
140
82
196
78
140
171
41
131
87
146
50
51
19
169
206
18
72
32
194
222
130
222
1
220
128
75
160
152
86
36
153
159
201
77
74
37
100
96
98
187
122
97
158
200
188
37
165
39
192
101
92
98
198
2
75
87
29
15
134
54
85
195
59
39
168
203
129
14
105
176
29
132
74
3
164
188
100
185
190
6
35
171
57
127
109
232
212
151
185
176
26
63
46
233
218
197
36
54
37
210
172
209
233
197
171
168
179
76
25
70
15
110
47
194
119
218
150
11
197
142
19
62
154
9
202
40
224
63
140
5
228
229
206
125
124
86
90
202
108
158
178
200
69
82
106
111
3
26
196
28
183
142
88
61
190
201
126
6
86
138
200
170
204
92
47
54
54
159
106
112
141
144
223
12
24
39
21
67
7
62
67
109
86
58
156
89
221
228
117
25
222
45
35
175
161
131
62
120
138
23
24
111
203
206
177
171
141
29
118
33
220
169
54
30
36
29
137
210
102
54
115
105
58
106
5
16
96
195
155
100
93
53
100
66
204
160
105
55
171
229
106
227
228
65
146
173
64
23
200
198
15
121
141
22
25
45
187
141
188
178
2
130
114
197
75
234
85
103
103
226
26
2
118
115
116
80
113
3
118
35
184
166
27
46
91
154
131
59
47
28
109
91
217
230
162
8
85
119
163
73
116
139
143
93
69
44
61
232
186
10
119
67
193
168
232
93
73
65
24
1
81
122
98
230
173
77
173
210
201
122
188
122
131
78
208
17
123
50
140
13
39
126
58
119
78
200
74
87
121
55
156
70
125
190
17
125
127
11
177
66
162
153
165
81
160
71
160
181
72
230
127
48
30
30
36
199
66
140
76
161
20
62
93
169
153
60
196
196
117
20
228
191
171
220
14
27
137
4
34
21
150
132
13
206
64
91
192
126
162
80
161
119
200
14
234
202
82
19
58
183
167
28
85
125
51
186
69
173
21
183
163
111
150
226
33
203
51
100
165
139
44
8
62
101
160
134
70
147
158
89
159
8
97
221
104
69
156
101
20
88
25
224
82
78
61
8
166
160
1
208
195
142
19
51
98
63
73
67
88
217
232
139
56
179
161
144
34
125
34
146
181
223
57
22
205
107
198
66
177
95
77
138
190
218
77
38
229
72
63
83
234
159
172
170
216
127
12
187
150
117
169
105
139
153
212
130
41
29
229
35
43
87
150
44
85
11
203
228
82
128
176
32
70
82
187
55
181
50
106
134
57
145
220
147
52
24
63
35
8
115
60
73
83
159
209
47
75
117
15
48
174
6
225
172
97
191
165
150
100
85
228
133
204
199
189
144
160
155
128
233
180
203
219
143
174
212
177
64
73
196
168
175
211
205
99
113
207
20
70
77
146
132
41
105
100
196
191
139
131
38
16
132
71
44
9
107
111
223
196
66
213
73
186
5
16
12
205
120
178
24
199
234
62
88
21
196
64
209
148
229
6
23
192
206
74
132
159
67
51
58
11
68
229
187
183
56
127
186
107
170
195
17
163
136
48
192
165
157
150
152
78
41
157
232
92
183
75
145
180
223
71
153
92
130
173
14
29
124
155
213
49
193
233
59
59
16
18
170
32
181
5
7
70
181
96
32
70
1
46
157
155
131
189
30
222
7
179
151
132
30
164
157
155
112
147
50
53
95
45
185
227
204
85
43
213
82
173
58
151
38
153
212
184
102
188
152
81
166
233
103
104
126
57
175
126
129
148
13
92
116
53
102
144
2
55
50
231
190
30
28
197
212
112
138
206
141
199
216
206
114
112
170
83
170
155
171
18
85
17
192
164
167
18
125
93
11
196
191
91
175
179
149
83
37
203
67
105
212
199
6
134
212
64
84
217
53
6
157
187
88
114
182
200
227
181
20
166
44
73
10
217
176
141
134
72
205
146
34
231
154
36
176
12
1
53
83
132
137
144
115
65
176
120
80
154
133
109
16
38
15
82
40
209
151
90
211
79
31
33
211
90
185
66
5
174
108
213
121
177
209
211
121
97
94
32
117
117
176
219
141
60
13
35
231
80
174
136
51
95
174
132
59
89
40
149
36
186
67
219
154
232
148
39
210
89
124
73
148
11
22
112
123
52
183
206
216
218
43
42
226
224
179
42
13
145
135
90
48
103
2
8
39
94
35
92
218
52
166
61
183
96
150
203
59
40
129
89
42
139
27
225
198
214
129
125
72
187
30
69
31
124
85
133
3
164
9
0
51
63
9
51
103
70
200
56
137
163
65
48
216
216
219
230
217
217
124
218
1
61
27
110
88
5
49
156
131
96
52
45
174
68
28
63
86
157
101
150
10
62
225
11
97
179
205
210
208
24
43
23
207
209
130
140
53
103
226
7
61
207
164
44
61
36
95
225
23
203
226
68
43
4
26
208
142
34
17
191
52
113
132
105
192
192
164
159
231
133
148
115
56
208
25
126
144
197
68
212
19
211
79
196
28
84
151
215
146
46
130
54
129
166
81
113
101
222
112
157
57
16
158
165
121
200
6
33
134
105
192
62
116
100
104
97
213
161
11
140
142
66
89
167
198
162
199
223
157
146
114
6
200
52
143
81
175
74
46
55
145
13
166
219
20
216
21
48
216
44
133
234
68
115
227
25
123
72
213
93
180
112
74
46
106
18
129
118
12
124
96
198
128
90
221
51
133
66
7
139
220
79
142
190
92
70
128
4
1
135
9
43
93
185
26
136
151
96
165
113
68
0
118
136
232
31
119
203
194
231
43
228
204
112
128
228
136
161
52
146
69
81
116
5
46
155
8
217
137
225
221
194
194
140
224
127
49
0
92
76
123
137
184
27
47
208
205
87
67
22
194
143
59
96
79
79
57
188
177
39
139
178
136
56
46
45
35
17
171
230
107
32
125
135
14
94
111
63
120
115
41
73
233
120
143
227
173
72
168
187
88
125
159
84
131
50
126
65
134
189
95
25
184
201
109
175
38
31
178
26
71
91
41
210
99
114
115
84
127
145
106
53
49
162
142
183
232
170
170
80
74
188
182
136
124
214
142
183
164
148
121
12
217
17
4
7
27
77
122
215
169
229
93
101
223
123
116
10
106
18
140
105
53
20
183
194
17
198
13
70
61
167
180
148
7
74
222
216
223
51
18
148
23
54
233
47
220
172
42
114
13
25
81
199
94
149
149
190
17
169
2
87
135
109
95
60
103
163
207
3
146
104
216
19
20
99
215
99
153
60
119
169
92
44
160
0
63
168
215
84
49
178
192
72
21
35
108
100
7
111
46
166
219
180
70
42
3
86
106
94
97
207
125
148
66
29
142
141
131
27
190
121
103
221
173
144
110
212
22
194
49
37
200
59
97
58
120
174
8
121
88
29
213
179
90
147
175
168
161
153
211
209
118
7
118
113
205
195
24
13
99
184
199
57
139
207
71
77
71
77
167
195
63
121
110
121
160
180
36
113
138
147
103
82
147
12
116
210
174
234
20
157
132
224
120
203
55
144
225
40
49
224
108
112
165
86
92
226
22
141
78
191
180
122
83
157
234
3
233
73
51
194
178
225
123
54
37
98
109
91
65
170
141
94
109
94
99
33
67
97
217
20
48
90
215
213
221
182
113
214
2
207
93
201
47
55
103
4
36
50
231
210
212
213
109
24
211
45
234
34
185
129
170
43
199
132
35
102
218
82
214
89
113
158
45
157
52
160
22
115
179
19
154
175
152
168
233
169
230
128
68
204
143
23
103
177
152
24
138
97
223
229
142
53
189
217
202
8
16
182
9
176
30
102
227
227
227
9
122
75
49
167
95
104
80
152
11
84
145
166
202
22
2
156
78
228
163
91
75
165
18
165
111
157
114
190
4
189
94
234
152
100
5
116
189
196
38
137
184
187
22
119
108
24
144
65
219
47
12
87
80
72
193
162
26
166
85
194
24
42
173
77
78
162
232
85
194
198
168
56
45
102
222
228
9
129
156
197
224
141
51
145
95
193
34
165
202
23
162
151
171
154
189
222
149
220
126
32
148
133
107
175
5
25
89
8
172
9
151
86
43
42
152
46
107
110
225
98
116
138
145
191
115
223
60
179
182
106
188
168
127
79
219
3
61
68
60
150
59
193
69
50
107
109
161
165
215
181
10
210
60
183
13
45
163
21
71
10
179
180
76
79
162
127
158
15
65
187
136
135
114
101
174
126
62
60
193
34
130
178
0
184
230
38
184
159
186
177
87
49
29
23
182
49
204
155
65
198
90
189
79
83
20
107
40
217
184
134
12
76
98
168
83
81
151
107
173
81
14
106
123
15
95
23
141
220
110
134
234
155
167
104
231
33
197
31
99
225
156
110
12
84
57
56
120
149
218
43
194
56
109
64
14
166
19
4
37
82
107
26
39
139
98
64
204
86
131
118
10
176
90
102
16
60
19
182
101
117
119
10
203
105
32
161
61
3
170
114
107
175
191
145
58
180
202
202
39
15
129
209
69
207
214
155
76
127
185
40
138
84
162
12
38
29
174
29
89
100
137
124
226
77
154
111
156
136
147
88
62
87
133
186
26
36
14
185
164
130
158
195
147
149
17
14
193
143
31
113
143
99
161
106
178
216
58
75
39
167
39
67
60
233
16
131
41
41
84
104
167
221
41
78
104
47
178
52
211
7
214
64
207
219
230
215
199
46
181
209
22
1
43
91
86
1
95
151
117
212
31
209
110
114
11
31
81
57
76
224
44
163
91
117
84
19
30
135
91
39
53
221
34
210
143
132
164
144
156
105
42
181
56
149
121
152
156
186
154
104
145
25
123
153
76
111
110
205
218
219
78
172
30
30
42
207
148
108
37
48
2
28
206
140
184
21
94
137
57
128
162
55
31
3
13
143
222
76
186
193
193
120
224
228
226
9
153
64
198
116
202
6
197
145
120
193
42
53
225
34
121
98
231
139
188
74
88
124
226
13
101
107
231
149
36
220
88
24
156
0
208
182
133
208
9
79
159
133
183
33
186
151
15
224
129
80
189
134
214
215
128
101
133
35
154
108
104
65
108
193
208
227
172
158
138
214
2
71
118
146
206
231
90
7
112
205
99
130
104
208
212
180
57
215
49
226
28
37
201
175
202
28
204
15
31
169
181
147
122
232
223
110
119
97
96
50
40
138
125
224
112
225
167
197
102
46
191
187
63
130
58
10
27
215
230
218
77
210
118
4
186
84
209
48
44
21
134
66
88
180
161
204
160
125
114
172
80
108
220
101
195
38
5
201
182
108
26
74
27
43
22
208
102
177
190
103
14
122
226
234
102
164
1
214
215
214
208
95
52
222
74
182
4
102
42
149
158
146
233
205
64
50
93
178
59
135
182
3
153
32
68
115
147
146
36
139
140
172
198
19
73
185
96
50
65
47
204
206
104
25
54
4
116
229
15
108
227
142
32
93
38
110
167
206
152
14
78
227
169
170
76
37
16
32
172
230
185
197
109
69
23
188
126
86
150
56
169
18
123
200
124
123
83
16
68
92
187
197
202
91
94
199
17
4
0
89
130
155
135
40
221
147
201
8
105
222
48
204
154
176
6
140
127
232
203
147
158
185
205
41
93
136
156
142
136
126
184
231
231
163
28
158
159
136
15
135
117
8
62
79
191
49
135
2
87
69
56
115
95
99
99
196
211
215
90
207
214
123
1
218
145
63
33
177
219
130
118
230
48
67
213
149
211
40
0
118
0
152
81
10
122
123
144
201
26
190
179
20
173
67
75
128
90
229
221
225
135
62
38
80
221
137
71
27
80
143
68
163
87
195
