9
25
53
8
79
74
11
55
93
3
24
1
38
30
105
30
20
22
74
44
87
50
91
5
33
22
105
87
84
101
42
36
0
58
18
37
6
14
76
75
84
87
30
55
13
52
62
36
32
13
29
15
99
7
33
59
15
43
44
90
64
90
43
114
61
116
31
0
92
74
101
21
77
72
57
10
31
49
74
64
53
11
21
14
83
11
99
68
20
41
103
109
106
79
90
104
95
70
104
101
104
19
19
87
102
48
93
32
12
10
7
107
18
94
94
113
83
18
68
81
74
75
26
78
7
101
44
96
48
56
34
110
35
42
64
54
73
21
6
53
34
62
32
57
99
53
83
12
110
21
19
54
95
51
49
32
18
60
98
65
68
0
23
31
56
83
70
12
41
78
60
68
11
30
55
39
7
44
89
78
43
85
59
87
56
50
60
64
54
50
44
4
80
29
52
19
35
74
23
49
62
56
15
97
107
77
52
40
38
17
104
50
42
90
69
54
14
16
79
82
99
27
75
46
69
102
70
45
98
8
37
4
108
116
5
58
23
55
74
94
78
108
3
99
95
49
29
35
57
52
48
11
62
69
116
100
3
4
71
56
63
82
6
68
15
106
36
28
45
96
96
116
28
77
1
31
68
103
68
5
71
8
33
40
48
0
36
62
25
43
71
51
37
89
29
76
79
0
86
86
94
58
89
10
53
61
60
40
46
93
81
103
3
61
15
106
29
110
44
42
16
36
42
66
114
109
107
42
42
104
22
94
2
60
79
13
72
80
98
25
48
76
92
113
99
41
45
110
18
102
95
15
21
87
45
80
100
7
23
88
40
6
40
107
53
7
23
65
39
104
76
44
42
48
48
40
101
99
96
40
96
96
0
82
94
38
25
85
51
88
85
43
26
54
104
36
71
87
18
2
73
24
93
56
47
30
92
20
103
101
20
29
6
47
54
24
0
84
64
41
113
2
112
64
65
80
56
28
98
46
63
113
113
67
49
31
72
91
50
47
53
82
52
12
16
32
106
88
3
33
36
6
97
57
53
68
74
5
0
51
78
44
84
61
32
97
74
48
77
89
79
85
74
53
7
83
21
76
103
15
77
36
95
7
72
56
51
72
23
66
1
43
61
53
75
75
3
107
42
67
66
27
55
83
101
48
26
30
96
114
13
22
10
29
93
57
51
57
80
28
44
61
95
65
38
16
16
69
28
97
81
99
102
63
105
10
1
17
35
100
104
4
112
38
63
64
19
67
50
16
72
72
46
107
8
54
28
36
89
56
98
31
76
22
88
9
81
1
102
89
48
100
104
18
107
22
39
83
41
9
2
63
43
111
62
57
100
86
91
60
57
75
92
65
8
66
43
27
51
17
102
54
7
37
49
91
106
1
53
43
100
28
22
44
38
30
42
55
5
104
34
27
26
92
81
20
87
17
84
26
103
27
5
110
19
46
47
39
69
37
79
62
116
101
10
97
32
37
95
42
60
94
99
98
33
4
102
100
69
95
40
54
66
12
65
26
45
96
94
21
84
100
9
31
105
106
96
33
30
98
17
49
33
88
101
105
23
41
56
27
82
23
58
21
10
36
64
49
78
56
30
33
60
116
10
29
80
32
13
61
12
83
94
43
79
27
100
44
31
97
80
58
89
87
81
61
66
30
107
105
59
83
82
86
12
21
38
33
63
94
34
111
112
24
24
112
17
57
32
109
102
53
40
13
62
61
49
60
4
102
83
54
9
12
41
46
103
62
46
80
68
88
27
10
12
110
72
104
25
93
108
37
51
63
58
38
112
67
96
85
98
64
116
50
63
60
42
10
14
4
9
108
98
114
27
75
88
45
99
62
10
89
71
13
64
31
73
100
70
7
26
90
97
51
73
35
62
28
86
54
78
50
81
69
50
19
77
65
64
23
11
108
50
18
56
44
33
46
106
1
108
49
105
59
37
57
6
12
93
66
83
87
22
114
13
105
70
106
47
90
61
66
47
58
23
21
84
71
14
97
58
49
12
80
33
86
37
70
19
66
52
41
39
69
100
55
85
108
20
17
107
27
35
14
109
67
4
52
47
112
43
104
20
23
19
67
89
62
25
93
110
48
79
47
59
93
109
3
47
47
97
33
33
65
99
76
31
91
64
91
99
44
76
73
3
62
34
74
30
106
71
33
54
89
29
40
5
93
2
82
103
38
3
113
21
73
54
63
88
24
63
71
97
106
28
59
9
33
85
113
52
71
111
31
21
112
20
88
65
63
93
4
1
92
33
86
53
81
75
29
98
72
50
88
80
16
57
3
68
30
15
109
70
110
111
11
45
18
111
109
14
47
45
61
80
64
85
107
91
112
72
74
109
37
69
86
93
8
59
38
4
64
15
54
34
86
22
84
61
104
56
22
15
71
29
88
29
109
67
69
67
15
112
86
90
30
54
43
69
46
15
14
26
50
12
115
89
14
13
26
105
19
13
82
115
114
13
49
20
2
76
86
64
50
116
21
82
37
59
58
58
97
16
15
75
63
14
46
2
83
106
37
77
80
34
14
45
8
19
77
31
80
0
85
23
9
22
38
6
22
105
49
70
27
103
29
29
113
113
114
114
113
113
113
77
116
6
37
11
46
88
27
0
66
79
59
26
22
34
86
25
36
42
108
30
58
91
36
55
3
77
105
116
111
109
98
12
25
91
112
55
84
92
89
102
53
37
116
90
9
37
29
6
86
98
69
104
86
21
2
8
111
61
17
69
83
26
26
63
40
64
80
90
60
15
28
69
107
27
112
35
76
110
93
9
103
28
111
58
19
25
5
70
115
111
13
46
13
77
43
30
24
43
108
46
93
66
57
75
90
85
85
11
18
80
40
64
45
24
39
17
43
79
85
4
111
82
57
26
91
106
67
93
103
90
80
24
11
70
26
82
0
56
56
5
23
81
4
113
109
28
109
18
113
113
16
62
108
9
88
97
34
34
32
79
78
51
48
7
5
40
49
77
84
12
77
59
106
1
92
114
55
86
24
53
34
102
58
64
89
52
2
20
31
1
76
12
12
52
107
86
86
70
7
90
24
8
9
66
108
102
18
94
82
60
35
104
107
58
47
30
96
111
28
22
73
8
20
47
1
13
65
2
99
108
92
92
65
8
97
103
75
12
86
89
29
48
73
25
2
28
111
112
10
29
0
60
77
54
10
1
2
2
71
16
16
20
15
111
27
112
22
68
53
99
97
17
46
105
115
45
101
34
38
72
75
14
35
108
72
82
96
97
32
95
89
89
77
60
46
79
23
80
68
79
87
52
5
102
48
39
34
3
45
0
36
54
55
53
74
24
54
6
4
75
88
40
92
12
67
80
89
105
99
99
39
50
69
42
59
77
114
100
89
56
76
72
3
98
11
2
57
11
101
78
91
95
108
106
43
34
47
46
71
40
55
76
40
21
28
13
60
61
17
4
57
37
71
32
78
49
54
107
99
103
21
44
67
49
23
108
10
102
94
46
24
4
6
30
93
101
80
81
91
52
95
2
84
110
73
52
64
19
19
116
0
73
79
98
28
28
109
115
24
65
38
95
95
50
16
86
9
38
95
90
30
55
25
61
32
35
94
55
39
110
39
3
91
113
105
57
19
42
42
40
111
112
116
43
67
78
19
71
105
91
2
35
85
25
114
80
110
48
110
102
60
51
76
85
51
110
56
72
41
49
85
91
17
110
59
92
74
32
99
63
66
111
116
110
110
109
24
115
62
98
103
112
32
93
11
38
81
101
101
101
101
76
62
38
85
46
72
82
105
16
24
85
100
20
50
34
4
47
82
61
62
27
83
83
103
72
69
101
10
92
15
23
106
41
39
91
11
52
102
57
41
32
83
105
78
33
90
97
42
108
30
22
8
99
84
73
23
53
98
16
74
29
33
83
7
48
7
109
18
42
102
113
28
13
115
115
110
114
87
24
114
2
112
81
68
11
101
25
30
16
53
98
73
102
64
45
10
116
22
108
20
14
110
94
13
14
63
94
41
116
34
114
63
74
75
22
111
21
73
57
59
105
99
67
35
70
95
108
95
96
74
86
98
59
98
25
45
70
98
79
68
34
107
61
92
87
113
59
53
100
87
3
98
18
41
96
97
96
107
78
56
51
71
8
81
34
70
85
33
85
59
59
5
103
66
31
96
89
74
42
93
76
91
48
108
24
89
1
87
7
97
70
44
5
48
87
16
10
80
62
88
10
72
0
10
90
7
116
11
4
8
41
32
6
67
61
91
31
65
25
39
97
31
32
67
102
31
61
17
95
27
44
41
114
96
3
77
78
5
22
105
17
75
52
8
20
90
8
25
67
70
99
86
87
107
82
23
74
18
67
83
41
76
107
34
107
49
94
12
70
1
12
14
70
3
41
47
73
44
22
81
79
61
69
103
64
105
47
40
89
95
75
1
83
0
37
8
37
100
51
16
8
21
41
39
6
31
91
114
3
7
38
89
104
104
92
105
54
39
106
35
35
1
67
75
61
88
7
61
65
90
6
43
63
74
37
38
59
20
65
5
9
32
97
4
18
60
88
39
12
57
18
25
87
51
58
88
29
0
32
87
1
33
27
41
15
99
62
78
3
57
44
95
33
68
70
17
97
55
35
40
73
35
50
25
79
102
55
55
108
66
103
111
65
18
93
49
24
20
65
55
4
5
84
27
72
79
116
22
36
27
73
36
68
113
28
20
56
33
41
36
26
57
44
36
58
5
79
81
50
38
115
81
5
38
28
73
54
69
94
3
69
40
24
28
37
57
99
24
19
29
32
85
56
71
68
5
16
87
110
61
9
112
114
65
30
75
107
15
79
6
67
4
3
45
84
19
69
98
75
78
53
11
66
48
65
16
58
80
36
84
82
88
101
58
45
107
90
46
84
43
34
71
52
69
6
100
49
38
100
54
75
40
15
8
36
56
51
76
16
100
38
108
14
83
14
14
3
44
71
92
26
31
90
13
104
26
29
109
114
36
116
113
115
115
93
112
106
116
112
78
12
82
5
6
6
70
86
102
45
112
47
24
57
18
35
26
2
26
9
59
55
78
19
53
45
29
63
16
91
92
17
74
84
39
90
104
65
40
14
105
27
79
72
100
66
88
82
81
82
35
73
66
31
48
39
115
116
113
7
94
22
14
19
51
67
0
55
13
2
25
7
107
60
35
111
3
2
30
10
101
17
42
13
100
68
57
88
11
11
72
103
96
1
39
66
63
104
47
106
2
10
74
72
8
14
92
59
17
85
44
67
53
71
50
49
90
26
4
51
45
65
71
58
21
87
10
66
9
111
60
66
112
5
34
60
84
26
18
88
70
62
26
77
47
87
101
115
115
32
43
66
64
67
23
17
100
79
46
112
96
94
115
80
115
2
101
84
109
50
25
43
108
48
115
24
81
63
111
115
51
91
115
51
103
25
35
68
35
68
25
106
35
18
95
26
34
75
69
55
47
72
102
58
21
15
81
77
103
46
83
71
23
83
23
81
63
36
73
37
85
11
115
97
116
31
81
84
31
88
19
52
13
9
1
78
76
44
34
81
93
111
76
47
94
50
0
23
43
11
4
45
48
87
0
101
89
11
22
19
109
41
45
91
20
52
78
104
106
41
90
78
114
115
114
111
7
21
68
50
20
107
39
39
109
78
84
106
109
63
23
27
98
18
8
42
42
60
17
9
6
58
110
16
0
76
94
104
28
32
14
17
21
74
28
106
92
39
5
15
1
47
96
68
0
96
100
17
52
10
41
56
51
70
52
54
96
95
95
76
51
100
17
94
97
45
4
46
8
5
71
74
35
58
27
95
44
73
72
77
73
33
56
9
52
63
93
68
86
55
93
52
31
9
45
77
65
90
15
114
73
64
49
40
108
13
106
67
38
85
76
75
6
59
58
39
14
110
19
77
60
66
82
62
77
102
65
71
59
25
75
60
59
62
110
69
49
103
11
62
7
20
84
51
8
27
6
6
52
109
16
29
115
109
112
37
46
0
116
82
36
18
113
1
20
39
115
13
113
103
109
111
15
9
84
9
70
55
104
78
1
81
48
36
73
105
21
94
42
56
1
92
96
114
92
92
37
20
50
114
83
91
2
30
82
12
92
7
43
