94
25
90
80
96
190
15
189
124
49
81
94
78
51
111
75
1
31
153
16
156
98
136
28
140
35
43
156
178
146
67
17
115
67
3
13
133
123
25
126
163
158
52
189
22
183
68
12
73
22
72
8
104
93
140
127
8
1
54
178
100
112
19
107
164
149
68
44
113
48
148
125
198
201
57
200
51
99
195
34
6
30
34
22
202
26
143
11
56
65
131
76
128
153
112
119
142
150
175
148
124
29
0
156
131
88
120
13
57
140
93
177
3
144
140
104
178
54
70
188
70
107
31
197
93
63
55
150
142
15
94
203
69
67
100
91
11
194
124
90
183
177
64
118
27
6
202
202
197
34
30
91
141
198
25
64
4
143
118
76
10
98
40
72
15
172
129
18
72
170
173
11
128
75
9
53
93
54
126
197
96
188
53
156
89
68
173
161
55
101
54
49
149
72
183
29
47
195
33
44
68
16
7
140
35
198
76
60
78
5
118
83
58
112
159
1
187
36
84
157
143
21
193
87
159
174
129
2
120
59
130
28
116
127
48
161
24
9
195
144
188
116
47
27
141
110
72
75
66
115
86
30
41
139
129
147
50
50
162
143
12
157
43
86
8
0
17
39
54
152
152
128
20
199
33
56
86
113
181
43
157
80
79
61
114
106
59
177
20
19
162
155
179
58
123
67
190
192
178
187
140
153
202
26
6
6
172
61
87
120
107
182
109
27
7
111
57
203
54
58
52
59
32
166
64
103
116
67
59
192
32
145
73
45
149
31
201
113
102
25
86
64
108
104
143
53
5
197
3
115
141
6
36
100
29
189
195
95
24
121
60
32
61
41
59
29
24
146
53
180
191
23
11
86
86
61
13
143
151
62
151
150
44
196
145
12
20
170
99
154
164
199
185
95
119
32
191
158
5
73
196
81
110
9
173
52
107
105
49
148
105
168
83
84
75
77
106
203
157
65
103
18
133
196
157
97
16
148
80
87
100
103
103
200
42
63
181
113
69
84
91
76
126
80
78
179
123
154
124
13
58
43
140
159
126
69
91
102
44
44
197
54
56
142
179
145
195
11
96
156
178
97
139
90
93
87
34
25
125
89
135
17
142
92
181
130
36
201
24
166
69
176
177
91
191
193
42
35
67
200
166
40
65
171
146
86
123
51
152
188
38
31
36
167
122
90
16
47
96
40
54
142
141
165
77
7
7
16
39
116
183
143
131
10
33
185
43
4
89
7
119
50
133
12
72
163
128
200
64
108
181
181
87
41
142
62
39
17
121
169
102
63
191
36
154
81
182
43
22
46
85
147
192
174
117
36
53
101
65
23
192
12
56
10
177
57
147
182
10
173
128
193
107
101
80
170
56
40
155
115
172
16
93
17
42
109
34
43
90
119
180
39
37
23
14
51
106
155
102
35
186
21
110
108
186
2
161
4
126
187
132
21
48
139
37
42
85
52
180
64
190
68
137
24
30
116
179
13
71
117
177
144
27
102
79
28
174
67
169
141
62
48
166
38
189
22
0
150
145
125
202
147
23
63
117
175
116
79
51
120
5
159
79
154
13
111
33
62
97
21
155
34
36
34
26
17
164
42
107
15
55
71
172
186
13
72
179
65
38
182
18
184
144
96
190
68
147
55
63
152
158
122
121
158
186
59
170
51
131
111
175
96
184
177
82
148
12
140
161
71
74
135
137
77
77
149
124
66
64
189
119
6
62
23
68
161
65
184
46
115
97
110
23
46
60
86
132
177
87
100
69
154
46
59
49
139
201
132
27
10
117
179
118
121
11
12
108
158
151
97
102
163
128
202
164
173
184
29
16
49
79
116
122
160
21
193
154
29
145
68
27
46
127
38
161
68
72
147
137
93
22
97
131
99
86
95
175
128
182
91
170
101
48
182
82
29
199
170
179
40
26
116
98
3
98
55
71
0
126
46
168
66
125
150
14
159
42
33
56
166
202
156
185
103
38
111
176
123
4
112
175
146
85
168
24
35
183
162
123
152
153
159
32
48
79
182
17
176
30
166
174
65
52
180
129
92
97
116
105
4
167
21
72
185
162
158
50
101
83
108
138
41
105
24
6
166
113
159
20
34
129
85
190
83
110
122
19
98
87
77
145
58
71
165
27
25
63
198
163
125
27
54
191
142
47
177
74
195
74
125
162
71
55
175
62
61
168
122
18
34
19
12
109
57
35
178
109
153
155
81
160
163
151
0
39
127
23
58
160
57
183
163
110
51
138
134
2
165
196
161
120
49
94
185
71
181
47
186
126
62
120
192
98
196
175
7
18
50
114
183
8
133
176
139
100
125
0
3
135
168
2
84
29
164
135
179
164
167
108
134
201
20
134
14
169
182
120
142
53
78
109
164
89
75
74
181
36
83
139
188
9
180
8
162
100
121
62
57
167
169
158
7
134
149
45
114
16
43
142
85
89
123
22
98
57
137
58
6
182
172
111
46
49
155
136
185
38
172
105
45
16
189
157
99
129
37
157
14
127
168
67
131
3
8
193
180
6
65
19
97
194
138
198
68
64
121
159
80
29
199
63
171
44
184
82
94
148
14
124
36
123
66
129
21
189
46
167
38
110
108
106
103
103
103
199
137
42
179
19
88
154
57
40
166
190
172
160
32
70
79
20
17
32
177
74
67
109
14
163
47
198
111
137
134
108
191
104
25
108
185
189
180
110
58
119
90
130
186
112
23
13
62
84
175
121
120
132
79
125
45
59
137
182
4
139
23
31
22
160
61
161
100
112
173
8
175
92
167
21
130
75
167
139
34
79
185
39
135
97
11
20
95
176
136
134
38
88
33
64
109
75
194
56
117
85
113
172
18
193
112
164
170
18
3
188
60
163
5
85
119
4
96
172
178
28
35
157
188
31
185
99
200
122
132
112
97
81
18
162
35
184
44
169
15
70
24
178
50
57
106
39
110
174
38
57
78
101
117
81
154
152
25
64
73
190
198
99
86
101
46
61
99
198
203
98
199
150
99
45
107
107
48
149
85
90
95
115
67
157
121
101
15
73
56
33
199
82
58
139
114
41
181
143
93
112
77
81
94
203
171
26
124
140
175
143
89
45
151
122
88
51
116
127
96
35
167
80
10
84
46
132
165
115
104
41
103
105
176
183
131
131
193
90
41
118
167
88
196
29
18
148
82
149
13
62
37
143
135
15
47
69
45
19
157
41
3
105
24
127
21
133
31
100
90
143
152
3
14
191
138
155
146
86
14
201
126
9
69
171
201
184
151
145
64
13
155
128
188
173
5
184
33
196
91
172
158
183
75
174
114
36
95
47
0
192
32
91
92
6
195
77
83
83
49
193
48
61
110
202
200
135
121
123
145
27
114
66
159
11
120
199
130
147
121
84
158
201
109
102
26
45
25
19
13
197
45
141
151
187
1
132
173
87
194
61
99
92
60
34
43
22
169
27
124
50
66
130
194
66
199
91
83
41
104
132
36
55
158
25
33
116
27
115
144
124
4
46
32
74
122
146
189
188
97
82
142
73
183
126
171
76
15
30
37
197
44
196
190
102
43
39
138
136
77
165
78
141
141
99
78
170
202
15
141
185
75
202
5
100
73
47
145
66
53
35
114
50
109
57
113
44
1
180
180
62
134
108
186
176
158
192
29
162
26
19
18
168
164
27
107
181
114
88
129
33
169
95
198
170
9
104
15
201
72
42
164
128
1
129
128
108
70
74
140
72
166
134
129
104
203
197
77
137
68
102
132
133
51
122
22
14
127
146
63
146
146
169
68
187
164
87
201
157
113
100
81
178
147
56
79
70
50
83
196
160
89
40
171
92
131
201
142
146
124
107
8
40
0
60
184
109
18
95
119
18
53
66
178
111
197
71
112
117
153
183
55
148
59
104
182
87
24
89
55
178
195
62
69
53
93
87
93
138
174
184
115
103
39
38
138
136
129
106
163
77
130
73
168
78
11
30
148
172
52
11
6
1
196
174
48
82
26
168
31
117
2
187
203
140
58
114
160
144
53
128
74
130
180
194
191
31
171
37
171
118
185
111
169
167
100
137
71
116
141
151
195
79
120
76
102
27
0
137
104
190
194
132
131
182
106
156
103
127
46
7
67
28
121
174
65
152
150
151
28
197
15
66
194
59
76
95
147
185
70
149
123
10
28
105
165
63
152
153
195
67
113
91
109
88
171
81
133
43
156
93
150
129
119
46
85
156
11
30
96
198
121
200
181
44
26
186
93
153
30
42
59
52
64
49
200
59
109
63
176
13
37
145
63
75
200
115
63
177
0
71
21
119
60
103
150
28
198
170
48
22
20
29
149
76
80
2
113
81
25
200
176
143
170
156
167
113
40
194
2
158
96
53
169
41
183
118
42
144
33
176
117
82
6
147
109
60
88
97
54
88
175
190
9
180
132
15
111
178
61
156
141
193
69
96
44
13
32
14
147
94
7
80
34
60
52
133
52
45
123
117
202
78
121
49
119
127
111
91
28
185
167
95
69
200
193
160
154
92
160
176
56
83
56
164
194
14
78
118
2
189
192
94
51
152
50
174
173
174
52
124
100
2
25
163
99
122
146
62
98
56
156
69
140
40
65
89
104
65
92
117
9
54
142
140
142
150
0
145
65
89
61
171
89
101
27
110
115
74
155
117
166
125
171
166
3
124
2
77
105
165
66
49
48
180
21
201
190
186
23
32
176
171
12
10
106
39
52
168
79
60
32
128
37
16
12
153
123
190
187
28
78
138
118
48
78
39
87
114
159
71
47
120
60
4
96
15
106
145
81
37
72
74
183
16
5
10
102
7
67
35
143
80
118
130
179
73
193
167
8
190
133
200
49
50
5
145
29
180
55
149
101
90
64
179
86
165
161
70
135
14
202
175
154
148
161
82
114
112
90
92
55
70
162
76
139
43
92
2
77
92
91
163
61
8
104
17
9
94
169
9
118
78
116
187
202
9
187
50
23
194
105
1
63
101
33
118
35
135
126
130
12
138
57
104
136
122
133
0
186
138
45
82
113
33
42
84
150
181
174
1
149
88
81
49
4
55
26
75
22
23
127
91
189
4
39
10
139
17
9
20
105
4
195
76
53
112
188
165
61
187
111
21
113
192
147
179
154
196
41
155
75
171
166
73
88
85
137
129
110
93
144
36
174
187
99
158
40
9
38
73
20
118
28
177
128
134
47
19
51
200
148
124
153
31
76
2
100
154
26
26
201
131
150
31
28
165
12
192
83
187
18
192
195
192
191
6
108
182
1
164
54
166
90
163
98
155
107
24
50
198
37
165
162
161
34
135
26
170
94
134
87
178
134
37
74
172
203
22
3
155
150
160
35
203
52
156
146
138
136
51
1
187
157
179
40
102
92
96
37
127
152
144
162
179
138
73
146
203
138
98
25
162
168
86
137
77
186
153
134
136
95
19
136
95
31
20
47
191
95
10
20
125
89
4
141
126
70
189
159
163
83
181
115
114
148
8
153
150
131
88
72
194
33
60
104
188
160
17
199
17
184
125
136
152
186
63
82
203
73
154
133
138
38
58
98
173
191
54
70
149
120
10
107
85
144
83
44
40
1
35
117
5
11
191
192
148
66
19
23
16
168
65
10
68
105
76
197
132
185
60
112
45
130
136
130
134
101
34
10
13
1
41
51
53
126
199
126
41
108
12
24
31
80
3
199
153
58
173
0
79
84
36
197
7
48
92
144
126
39
69
123
30
24
195
37
125
110
52
47
89
46
84
151
11
98
151
76
5
115
30
85
169
29
176
139
194
151
141
142
169
16
7
5
144
152
2
28
85
80
102
157
188
75
147
198
71
119
87
181
199
173
71
98
81
101
160
122
70
84
97
122
82
74
94
82
188
170
56
8
106
196
160
42
62
41
132
125
167
77
184
191
193
43
175
70
114
128
139
31
159
177
165
196
192
135
115
165
5
127
20
193
172
120
161
162
159
42
131
19
161
90
74
203
99
80
21
84
84
133
16
7
135
136
129
133
130
88
106
137
155
17
3
110
44
107
168
136
38
106
97
189
135
8
94
203
94
149
66
119
197
69
186
114
59
173
111
30
144
58
9
45
103
151
106
107
105
14
30
118
106
175
113
19
95
184
32
172
202
55
